0.000000000000000000e+00 0.000000000000000000e+00 0.000000000000000000e+00 0.000000000000000000e+00
1.700000000000000000e+02 1.275000000000000000e+02 8.500000000000000000e+01 0.000000000000000000e+00
1.700000000000000000e+02 1.275000000000000000e+02 8.500000000000000000e+01 0.000000000000000000e+00
1.457142857142857224e+02 1.457142857142857224e+02 7.285714285714286120e+01 0.000000000000000000e+00
1.457142857142857224e+02 1.457142857142857224e+02 7.285714285714286120e+01 0.000000000000000000e+00
1.275000000000000000e+02 1.275000000000000000e+02 9.562500000000000000e+01 0.000000000000000000e+00
1.700000000000000000e+02 1.275000000000000000e+02 8.500000000000000000e+01 0.000000000000000000e+00
1.457142857142857224e+02 1.457142857142857224e+02 1.092857142857142918e+02 0.000000000000000000e+00
1.569230769230769340e+02 1.373076923076923208e+02 9.807692307692308020e+01 0.000000000000000000e+00
1.785000000000000000e+02 1.785000000000000000e+02 1.020000000000000000e+02 0.000000000000000000e+00
1.821428571428571388e+02 1.457142857142857224e+02 1.092857142857142918e+02 0.000000000000000000e+00
1.416666666666666572e+02 1.345833333333333428e+02 9.916666666666667140e+01 0.000000000000000000e+00
1.378378378378378386e+02 1.309459459459459367e+02 9.648648648648648418e+01 0.000000000000000000e+00
1.569230769230769340e+02 1.373076923076923208e+02 9.807692307692308020e+01 0.000000000000000000e+00
1.457142857142857224e+02 1.457142857142857224e+02 7.285714285714286120e+01 0.000000000000000000e+00
1.457142857142857224e+02 1.457142857142857224e+02 1.092857142857142918e+02 0.000000000000000000e+00
1.275000000000000000e+02 1.275000000000000000e+02 9.562500000000000000e+01 0.000000000000000000e+00
1.457142857142857224e+02 1.457142857142857224e+02 1.092857142857142918e+02 0.000000000000000000e+00
1.457142857142857224e+02 1.457142857142857224e+02 7.285714285714286120e+01 0.000000000000000000e+00
1.457142857142857224e+02 1.457142857142857224e+02 7.285714285714286120e+01 0.000000000000000000e+00
1.416666666666666572e+02 1.133333333333333286e+02 8.500000000000000000e+01 0.000000000000000000e+00
1.416666666666666572e+02 1.133333333333333286e+02 8.500000000000000000e+01 0.000000000000000000e+00
1.275000000000000000e+02 1.275000000000000000e+02 9.562500000000000000e+01 0.000000000000000000e+00
1.457142857142857224e+02 1.457142857142857224e+02 7.285714285714286120e+01 0.000000000000000000e+00
1.457142857142857224e+02 1.457142857142857224e+02 7.285714285714286120e+01 0.000000000000000000e+00
1.275000000000000000e+02 1.275000000000000000e+02 9.562500000000000000e+01 0.000000000000000000e+00
1.275000000000000000e+02 1.275000000000000000e+02 9.562500000000000000e+01 0.000000000000000000e+00
1.275000000000000000e+02 1.275000000000000000e+02 9.562500000000000000e+01 0.000000000000000000e+00
1.275000000000000000e+02 1.275000000000000000e+02 9.562500000000000000e+01 0.000000000000000000e+00
1.476315789473684106e+02 1.342105263157894797e+02 9.394736842105263008e+01 0.000000000000000000e+00
1.275000000000000000e+02 1.275000000000000000e+02 9.562500000000000000e+01 0.000000000000000000e+00
1.457142857142857224e+02 1.457142857142857224e+02 7.285714285714286120e+01 0.000000000000000000e+00
1.457142857142857224e+02 1.457142857142857224e+02 1.092857142857142918e+02 0.000000000000000000e+00
1.275000000000000000e+02 1.275000000000000000e+02 9.562500000000000000e+01 0.000000000000000000e+00
1.133333333333333286e+02 1.133333333333333286e+02 8.500000000000000000e+01 0.000000000000000000e+00
1.457142857142857224e+02 1.457142857142857224e+02 1.092857142857142918e+02 0.000000000000000000e+00
1.457142857142857224e+02 1.457142857142857224e+02 7.285714285714286120e+01 0.000000000000000000e+00
1.457142857142857224e+02 1.457142857142857224e+02 7.285714285714286120e+01 0.000000000000000000e+00
1.457142857142857224e+02 1.457142857142857224e+02 7.285714285714286120e+01 0.000000000000000000e+00
1.457142857142857224e+02 1.457142857142857224e+02 7.285714285714286120e+01 0.000000000000000000e+00
1.700000000000000000e+02 1.275000000000000000e+02 8.500000000000000000e+01 0.000000000000000000e+00
1.700000000000000000e+02 1.275000000000000000e+02 8.500000000000000000e+01 0.000000000000000000e+00
1.457142857142857224e+02 1.457142857142857224e+02 7.285714285714286120e+01 0.000000000000000000e+00
1.457142857142857224e+02 1.457142857142857224e+02 7.285714285714286120e+01 0.000000000000000000e+00
1.275000000000000000e+02 1.275000000000000000e+02 9.562500000000000000e+01 0.000000000000000000e+00
1.700000000000000000e+02 1.416666666666666572e+02 1.133333333333333286e+02 0.000000000000000000e+00
1.457142857142857224e+02 1.457142857142857224e+02 7.285714285714286120e+01 0.000000000000000000e+00
1.457142857142857224e+02 1.457142857142857224e+02 7.285714285714286120e+01 0.000000000000000000e+00
1.402500000000000000e+02 1.275000000000000000e+02 8.925000000000000000e+01 0.000000000000000000e+00
1.275000000000000000e+02 1.275000000000000000e+02 9.562500000000000000e+01 0.000000000000000000e+00
1.378378378378378386e+02 1.309459459459459367e+02 9.648648648648648418e+01 0.000000000000000000e+00
1.275000000000000000e+02 1.275000000000000000e+02 9.562500000000000000e+01 0.000000000000000000e+00
1.457142857142857224e+02 1.457142857142857224e+02 7.285714285714286120e+01 0.000000000000000000e+00
1.700000000000000000e+02 1.275000000000000000e+02 8.500000000000000000e+01 0.000000000000000000e+00
1.275000000000000000e+02 1.275000000000000000e+02 6.375000000000000000e+01 0.000000000000000000e+00
1.457142857142857224e+02 1.457142857142857224e+02 7.285714285714286120e+01 0.000000000000000000e+00
1.700000000000000000e+02 1.275000000000000000e+02 8.500000000000000000e+01 0.000000000000000000e+00
1.275000000000000000e+02 1.275000000000000000e+02 8.500000000000000000e+01 0.000000000000000000e+00
1.350000000000000000e+02 1.200000000000000000e+02 9.000000000000000000e+01 0.000000000000000000e+00
1.700000000000000000e+02 1.275000000000000000e+02 8.500000000000000000e+01 0.000000000000000000e+00
1.700000000000000000e+02 1.275000000000000000e+02 8.500000000000000000e+01 0.000000000000000000e+00
1.530000000000000000e+02 1.530000000000000000e+02 1.020000000000000000e+02 0.000000000000000000e+00
1.275000000000000000e+02 1.275000000000000000e+02 6.375000000000000000e+01 0.000000000000000000e+00
1.530000000000000000e+02 1.530000000000000000e+02 1.020000000000000000e+02 0.000000000000000000e+00
1.530000000000000000e+02 1.530000000000000000e+02 1.020000000000000000e+02 0.000000000000000000e+00
1.530000000000000000e+02 1.530000000000000000e+02 1.020000000000000000e+02 0.000000000000000000e+00
1.700000000000000000e+02 1.700000000000000000e+02 8.500000000000000000e+01 0.000000000000000000e+00
1.275000000000000000e+02 1.275000000000000000e+02 6.375000000000000000e+01 0.000000000000000000e+00
1.700000000000000000e+02 1.700000000000000000e+02 8.500000000000000000e+01 0.000000000000000000e+00
1.275000000000000000e+02 1.275000000000000000e+02 6.375000000000000000e+01 0.000000000000000000e+00
1.912500000000000000e+02 1.275000000000000000e+02 6.375000000000000000e+01 0.000000000000000000e+00
1.912500000000000000e+02 1.275000000000000000e+02 6.375000000000000000e+01 0.000000000000000000e+00
1.530000000000000000e+02 1.530000000000000000e+02 1.020000000000000000e+02 0.000000000000000000e+00
1.530000000000000000e+02 1.530000000000000000e+02 1.020000000000000000e+02 0.000000000000000000e+00
1.912500000000000000e+02 1.275000000000000000e+02 6.375000000000000000e+01 0.000000000000000000e+00
1.275000000000000000e+02 1.275000000000000000e+02 6.375000000000000000e+01 0.000000000000000000e+00
1.275000000000000000e+02 1.275000000000000000e+02 6.375000000000000000e+01 0.000000000000000000e+00
1.275000000000000000e+02 1.275000000000000000e+02 6.375000000000000000e+01 0.000000000000000000e+00
1.275000000000000000e+02 1.275000000000000000e+02 6.375000000000000000e+01 0.000000000000000000e+00
1.275000000000000000e+02 1.275000000000000000e+02 6.375000000000000000e+01 0.000000000000000000e+00
1.275000000000000000e+02 1.275000000000000000e+02 6.375000000000000000e+01 0.000000000000000000e+00
1.275000000000000000e+02 1.275000000000000000e+02 6.375000000000000000e+01 0.000000000000000000e+00
1.700000000000000000e+02 1.700000000000000000e+02 8.500000000000000000e+01 0.000000000000000000e+00
1.912500000000000000e+02 1.275000000000000000e+02 6.375000000000000000e+01 0.000000000000000000e+00
1.530000000000000000e+02 1.020000000000000000e+02 5.100000000000000000e+01 0.000000000000000000e+00
1.530000000000000000e+02 1.530000000000000000e+02 1.020000000000000000e+02 0.000000000000000000e+00
1.530000000000000000e+02 1.530000000000000000e+02 1.020000000000000000e+02 0.000000000000000000e+00
1.530000000000000000e+02 1.530000000000000000e+02 1.020000000000000000e+02 0.000000000000000000e+00
1.530000000000000000e+02 1.530000000000000000e+02 1.020000000000000000e+02 0.000000000000000000e+00
1.530000000000000000e+02 1.530000000000000000e+02 1.020000000000000000e+02 0.000000000000000000e+00
1.530000000000000000e+02 1.530000000000000000e+02 1.020000000000000000e+02 0.000000000000000000e+00
1.912500000000000000e+02 1.275000000000000000e+02 6.375000000000000000e+01 0.000000000000000000e+00
1.530000000000000000e+02 1.530000000000000000e+02 1.020000000000000000e+02 0.000000000000000000e+00
1.275000000000000000e+02 1.275000000000000000e+02 6.375000000000000000e+01 0.000000000000000000e+00
1.530000000000000000e+02 1.020000000000000000e+02 5.100000000000000000e+01 0.000000000000000000e+00
1.530000000000000000e+02 1.530000000000000000e+02 1.020000000000000000e+02 0.000000000000000000e+00
1.530000000000000000e+02 1.530000000000000000e+02 1.020000000000000000e+02 0.000000000000000000e+00
1.530000000000000000e+02 1.530000000000000000e+02 1.020000000000000000e+02 0.000000000000000000e+00
1.530000000000000000e+02 1.530000000000000000e+02 1.020000000000000000e+02 0.000000000000000000e+00
1.530000000000000000e+02 1.530000000000000000e+02 1.020000000000000000e+02 0.000000000000000000e+00
1.530000000000000000e+02 1.530000000000000000e+02 1.020000000000000000e+02 0.000000000000000000e+00
1.912500000000000000e+02 1.275000000000000000e+02 6.375000000000000000e+01 0.000000000000000000e+00
1.530000000000000000e+02 1.530000000000000000e+02 1.020000000000000000e+02 0.000000000000000000e+00
1.530000000000000000e+02 1.530000000000000000e+02 1.020000000000000000e+02 0.000000000000000000e+00
1.530000000000000000e+02 1.530000000000000000e+02 1.020000000000000000e+02 0.000000000000000000e+00
1.912500000000000000e+02 1.912500000000000000e+02 1.275000000000000000e+02 0.000000000000000000e+00
1.912500000000000000e+02 1.912500000000000000e+02 1.275000000000000000e+02 0.000000000000000000e+00
1.530000000000000000e+02 1.530000000000000000e+02 1.020000000000000000e+02 0.000000000000000000e+00
1.530000000000000000e+02 1.530000000000000000e+02 1.020000000000000000e+02 0.000000000000000000e+00
1.275000000000000000e+02 1.275000000000000000e+02 6.375000000000000000e+01 0.000000000000000000e+00
1.700000000000000000e+02 1.700000000000000000e+02 8.500000000000000000e+01 0.000000000000000000e+00
1.275000000000000000e+02 1.275000000000000000e+02 6.375000000000000000e+01 0.000000000000000000e+00
1.275000000000000000e+02 1.275000000000000000e+02 6.375000000000000000e+01 0.000000000000000000e+00
1.275000000000000000e+02 1.275000000000000000e+02 6.375000000000000000e+01 0.000000000000000000e+00
1.275000000000000000e+02 1.275000000000000000e+02 6.375000000000000000e+01 0.000000000000000000e+00
1.275000000000000000e+02 1.275000000000000000e+02 6.375000000000000000e+01 0.000000000000000000e+00
1.700000000000000000e+02 1.700000000000000000e+02 8.500000000000000000e+01 0.000000000000000000e+00
1.275000000000000000e+02 1.275000000000000000e+02 6.375000000000000000e+01 0.000000000000000000e+00
1.530000000000000000e+02 1.530000000000000000e+02 1.020000000000000000e+02 0.000000000000000000e+00
1.530000000000000000e+02 1.530000000000000000e+02 1.020000000000000000e+02 0.000000000000000000e+00
1.530000000000000000e+02 1.530000000000000000e+02 1.020000000000000000e+02 0.000000000000000000e+00
2.040000000000000000e+02 1.530000000000000000e+02 1.020000000000000000e+02 0.000000000000000000e+00
1.912500000000000000e+02 1.275000000000000000e+02 6.375000000000000000e+01 0.000000000000000000e+00
1.275000000000000000e+02 1.275000000000000000e+02 6.375000000000000000e+01 0.000000000000000000e+00
1.530000000000000000e+02 1.530000000000000000e+02 1.020000000000000000e+02 0.000000000000000000e+00
1.530000000000000000e+02 1.530000000000000000e+02 1.020000000000000000e+02 0.000000000000000000e+00
1.530000000000000000e+02 1.530000000000000000e+02 1.020000000000000000e+02 0.000000000000000000e+00
1.530000000000000000e+02 1.530000000000000000e+02 1.020000000000000000e+02 0.000000000000000000e+00
1.530000000000000000e+02 1.530000000000000000e+02 1.020000000000000000e+02 0.000000000000000000e+00
1.530000000000000000e+02 1.530000000000000000e+02 1.020000000000000000e+02 0.000000000000000000e+00
1.530000000000000000e+02 1.530000000000000000e+02 1.020000000000000000e+02 0.000000000000000000e+00
1.530000000000000000e+02 1.530000000000000000e+02 1.020000000000000000e+02 0.000000000000000000e+00
1.530000000000000000e+02 1.530000000000000000e+02 1.020000000000000000e+02 0.000000000000000000e+00
2.040000000000000000e+02 1.530000000000000000e+02 1.020000000000000000e+02 0.000000000000000000e+00
1.530000000000000000e+02 1.530000000000000000e+02 1.020000000000000000e+02 0.000000000000000000e+00
1.530000000000000000e+02 1.530000000000000000e+02 1.020000000000000000e+02 0.000000000000000000e+00
1.912500000000000000e+02 1.912500000000000000e+02 1.275000000000000000e+02 0.000000000000000000e+00
1.912500000000000000e+02 1.275000000000000000e+02 6.375000000000000000e+01 0.000000000000000000e+00
1.530000000000000000e+02 1.530000000000000000e+02 1.020000000000000000e+02 0.000000000000000000e+00
1.530000000000000000e+02 1.530000000000000000e+02 1.020000000000000000e+02 0.000000000000000000e+00
1.530000000000000000e+02 1.530000000000000000e+02 1.020000000000000000e+02 0.000000000000000000e+00
1.530000000000000000e+02 1.530000000000000000e+02 1.020000000000000000e+02 0.000000000000000000e+00
1.530000000000000000e+02 1.530000000000000000e+02 1.020000000000000000e+02 0.000000000000000000e+00
1.530000000000000000e+02 1.530000000000000000e+02 1.020000000000000000e+02 0.000000000000000000e+00
1.530000000000000000e+02 1.020000000000000000e+02 5.100000000000000000e+01 0.000000000000000000e+00
1.530000000000000000e+02 1.530000000000000000e+02 1.020000000000000000e+02 0.000000000000000000e+00
1.530000000000000000e+02 1.530000000000000000e+02 1.020000000000000000e+02 0.000000000000000000e+00
1.530000000000000000e+02 1.530000000000000000e+02 1.020000000000000000e+02 0.000000000000000000e+00
1.530000000000000000e+02 1.530000000000000000e+02 1.020000000000000000e+02 0.000000000000000000e+00
1.390909090909090935e+02 1.159090909090909065e+02 9.272727272727273373e+01 1.000000000000000000e+00
1.190000000000000000e+02 1.190000000000000000e+02 8.500000000000000000e+01 1.000000000000000000e+00
1.360000000000000000e+02 1.190000000000000000e+02 8.500000000000000000e+01 1.000000000000000000e+00
1.373076923076923208e+02 1.373076923076923208e+02 9.807692307692308020e+01 1.000000000000000000e+00
1.275000000000000000e+02 1.275000000000000000e+02 9.562500000000000000e+01 1.000000000000000000e+00
1.204166666666666714e+02 1.204166666666666714e+02 9.208333333333332860e+01 1.000000000000000000e+00
1.219565217391304373e+02 1.219565217391304373e+02 8.869565217391304657e+01 1.000000000000000000e+00
1.240540540540540491e+02 1.171621621621621614e+02 9.648648648648648418e+01 1.000000000000000000e+00
1.240540540540540491e+02 1.171621621621621614e+02 9.648648648648648418e+01 1.000000000000000000e+00
1.240540540540540491e+02 1.171621621621621614e+02 9.648648648648648418e+01 1.000000000000000000e+00
1.227777777777777715e+02 1.227777777777777715e+02 9.444444444444444287e+01 1.000000000000000000e+00
1.360000000000000000e+02 1.190000000000000000e+02 8.500000000000000000e+01 1.000000000000000000e+00
1.360000000000000000e+02 1.360000000000000000e+02 1.020000000000000000e+02 1.000000000000000000e+00
1.311428571428571388e+02 1.238571428571428612e+02 9.471428571428570820e+01 1.000000000000000000e+00
1.434375000000000000e+02 1.275000000000000000e+02 9.562500000000000000e+01 1.000000000000000000e+00
1.275000000000000000e+02 1.275000000000000000e+02 9.807692307692308020e+01 1.000000000000000000e+00
1.275000000000000000e+02 1.275000000000000000e+02 9.272727272727273373e+01 1.000000000000000000e+00
1.416666666666666572e+02 1.133333333333333286e+02 8.500000000000000000e+01 1.000000000000000000e+00
1.487500000000000000e+02 1.275000000000000000e+02 8.500000000000000000e+01 1.000000000000000000e+00
1.360000000000000000e+02 1.190000000000000000e+02 1.020000000000000000e+02 1.000000000000000000e+00
1.275000000000000000e+02 1.275000000000000000e+02 9.107142857142856940e+01 1.000000000000000000e+00
1.360000000000000000e+02 1.360000000000000000e+02 1.020000000000000000e+02 1.000000000000000000e+00
1.275000000000000000e+02 1.275000000000000000e+02 9.916666666666667140e+01 1.000000000000000000e+00
1.350000000000000000e+02 1.200000000000000000e+02 9.000000000000000000e+01 1.000000000000000000e+00
1.275000000000000000e+02 1.275000000000000000e+02 9.562500000000000000e+01 1.000000000000000000e+00
1.390909090909090935e+02 1.275000000000000000e+02 9.272727272727273373e+01 1.000000000000000000e+00
1.275000000000000000e+02 1.275000000000000000e+02 6.375000000000000000e+01 1.000000000000000000e+00
1.240540540540540491e+02 1.240540540540540491e+02 9.648648648648648418e+01 1.000000000000000000e+00
1.275000000000000000e+02 1.204166666666666714e+02 9.208333333333332860e+01 1.000000000000000000e+00
1.311428571428571388e+02 1.238571428571428612e+02 9.471428571428570820e+01 1.000000000000000000e+00
1.275000000000000000e+02 1.275000000000000000e+02 1.275000000000000000e+02 1.000000000000000000e+00
1.275000000000000000e+02 1.275000000000000000e+02 6.375000000000000000e+01 1.000000000000000000e+00
1.275000000000000000e+02 1.133333333333333286e+02 8.500000000000000000e+01 1.000000000000000000e+00
1.350000000000000000e+02 1.200000000000000000e+02 9.000000000000000000e+01 1.000000000000000000e+00
1.275000000000000000e+02 1.183928571428571388e+02 9.107142857142856940e+01 1.000000000000000000e+00
1.159090909090909065e+02 1.159090909090909065e+02 9.272727272727273373e+01 1.000000000000000000e+00
1.176923076923076934e+02 1.111538461538461604e+02 8.500000000000000000e+01 1.000000000000000000e+00
1.176923076923076934e+02 1.111538461538461604e+02 8.500000000000000000e+01 1.000000000000000000e+00
1.700000000000000000e+02 1.275000000000000000e+02 8.500000000000000000e+01 1.000000000000000000e+00
1.159090909090909065e+02 1.159090909090909065e+02 8.500000000000000000e+01 1.000000000000000000e+00
1.176923076923076934e+02 1.111538461538461604e+02 8.500000000000000000e+01 1.000000000000000000e+00
1.200000000000000000e+02 1.125000000000000000e+02 8.250000000000000000e+01 1.000000000000000000e+00
1.165714285714285694e+02 1.092857142857142918e+02 8.014285714285713880e+01 1.000000000000000000e+00
1.275000000000000000e+02 1.115625000000000000e+02 7.968750000000000000e+01 1.000000000000000000e+00
1.214285714285714306e+02 1.092857142857142918e+02 8.500000000000000000e+01 1.000000000000000000e+00
1.143103448275862064e+02 1.143103448275862064e+02 7.913793103448276156e+01 1.000000000000000000e+00
1.231034482758620641e+02 1.143103448275862064e+02 8.793103448275861922e+01 1.000000000000000000e+00
1.275000000000000000e+02 1.275000000000000000e+02 8.500000000000000000e+01 1.000000000000000000e+00
1.176923076923076934e+02 1.176923076923076934e+02 7.846153846153846700e+01 1.000000000000000000e+00
1.195312500000000000e+02 1.115625000000000000e+02 8.765625000000000000e+01 1.000000000000000000e+00
1.211250000000000000e+02 1.147500000000000000e+02 8.287500000000000000e+01 1.000000000000000000e+00
1.176923076923076934e+02 1.111538461538461604e+02 8.500000000000000000e+01 1.000000000000000000e+00
1.147500000000000000e+02 1.147500000000000000e+02 8.287500000000000000e+01 1.000000000000000000e+00
1.176923076923076934e+02 1.111538461538461604e+02 8.500000000000000000e+01 1.000000000000000000e+00
1.204166666666666714e+02 1.133333333333333286e+02 8.500000000000000000e+01 1.000000000000000000e+00
1.168750000000000000e+02 1.168750000000000000e+02 8.500000000000000000e+01 1.000000000000000000e+00
1.700000000000000000e+02 1.700000000000000000e+02 8.500000000000000000e+01 1.000000000000000000e+00
1.700000000000000000e+02 1.700000000000000000e+02 8.500000000000000000e+01 1.000000000000000000e+00
1.275000000000000000e+02 1.275000000000000000e+02 0.000000000000000000e+00 1.000000000000000000e+00
1.912500000000000000e+02 1.912500000000000000e+02 6.375000000000000000e+01 1.000000000000000000e+00
1.700000000000000000e+02 1.700000000000000000e+02 8.500000000000000000e+01 1.000000000000000000e+00
1.275000000000000000e+02 1.275000000000000000e+02 0.000000000000000000e+00 1.000000000000000000e+00
1.275000000000000000e+02 1.275000000000000000e+02 1.275000000000000000e+02 1.000000000000000000e+00
1.275000000000000000e+02 1.275000000000000000e+02 6.375000000000000000e+01 1.000000000000000000e+00
1.700000000000000000e+02 1.700000000000000000e+02 8.500000000000000000e+01 1.000000000000000000e+00
1.190000000000000000e+02 1.360000000000000000e+02 6.800000000000000000e+01 1.000000000000000000e+00
1.700000000000000000e+02 1.700000000000000000e+02 8.500000000000000000e+01 1.000000000000000000e+00
1.700000000000000000e+02 1.700000000000000000e+02 8.500000000000000000e+01 1.000000000000000000e+00
1.700000000000000000e+02 1.700000000000000000e+02 8.500000000000000000e+01 1.000000000000000000e+00
1.700000000000000000e+02 1.700000000000000000e+02 8.500000000000000000e+01 1.000000000000000000e+00
1.275000000000000000e+02 1.275000000000000000e+02 6.375000000000000000e+01 1.000000000000000000e+00
1.700000000000000000e+02 1.700000000000000000e+02 8.500000000000000000e+01 1.000000000000000000e+00
1.275000000000000000e+02 1.275000000000000000e+02 6.375000000000000000e+01 1.000000000000000000e+00
1.176923076923076934e+02 1.176923076923076934e+02 5.884615384615384670e+01 1.000000000000000000e+00
1.275000000000000000e+02 1.275000000000000000e+02 7.650000000000000000e+01 1.000000000000000000e+00
1.133333333333333286e+02 1.275000000000000000e+02 7.083333333333332860e+01 1.000000000000000000e+00
1.275000000000000000e+02 1.275000000000000000e+02 7.650000000000000000e+01 1.000000000000000000e+00
1.176923076923076934e+02 1.373076923076923208e+02 5.884615384615384670e+01 1.000000000000000000e+00
1.275000000000000000e+02 1.275000000000000000e+02 6.375000000000000000e+01 1.000000000000000000e+00
1.133333333333333286e+02 1.322222222222222285e+02 6.611111111111111427e+01 1.000000000000000000e+00
1.115625000000000000e+02 1.275000000000000000e+02 6.375000000000000000e+01 1.000000000000000000e+00
1.168750000000000000e+02 1.275000000000000000e+02 7.437500000000000000e+01 1.000000000000000000e+00
1.133333333333333286e+02 1.416666666666666572e+02 8.500000000000000000e+01 1.000000000000000000e+00
1.078846153846153868e+02 1.275000000000000000e+02 6.865384615384616041e+01 1.000000000000000000e+00
1.092857142857142918e+02 1.275000000000000000e+02 6.375000000000000000e+01 1.000000000000000000e+00
1.143103448275862064e+02 1.231034482758620641e+02 7.034482758620688969e+01 1.000000000000000000e+00
1.133333333333333286e+02 1.322222222222222285e+02 6.611111111111111427e+01 1.000000000000000000e+00
1.122000000000000028e+02 1.325999999999999943e+02 7.140000000000000568e+01 1.000000000000000000e+00
1.200000000000000000e+02 1.350000000000000000e+02 7.500000000000000000e+01 1.000000000000000000e+00
1.105000000000000000e+02 1.275000000000000000e+02 6.800000000000000000e+01 1.000000000000000000e+00
1.183928571428571388e+02 1.275000000000000000e+02 7.285714285714286120e+01 1.000000000000000000e+00
1.147500000000000000e+02 1.275000000000000000e+02 7.650000000000000000e+01 1.000000000000000000e+00
1.143103448275862064e+02 1.231034482758620641e+02 7.034482758620688969e+01 1.000000000000000000e+00
1.159090909090909065e+02 1.390909090909090935e+02 6.954545454545454675e+01 1.000000000000000000e+00
1.530000000000000000e+02 1.530000000000000000e+02 5.100000000000000000e+01 1.000000000000000000e+00
1.275000000000000000e+02 1.275000000000000000e+02 7.083333333333332860e+01 1.000000000000000000e+00
1.214285714285714306e+02 1.335714285714285836e+02 7.285714285714286120e+01 1.000000000000000000e+00
1.168750000000000000e+02 1.275000000000000000e+02 7.437500000000000000e+01 1.000000000000000000e+00
1.275000000000000000e+02 1.275000000000000000e+02 6.375000000000000000e+01 1.000000000000000000e+00
1.275000000000000000e+02 1.092857142857142918e+02 7.285714285714286120e+01 1.000000000000000000e+00
1.912500000000000000e+02 1.275000000000000000e+02 6.375000000000000000e+01 1.000000000000000000e+00
1.700000000000000000e+02 1.700000000000000000e+02 8.500000000000000000e+01 1.000000000000000000e+00
1.275000000000000000e+02 1.275000000000000000e+02 1.275000000000000000e+02 1.000000000000000000e+00
1.147500000000000000e+02 1.275000000000000000e+02 7.650000000000000000e+01 1.000000000000000000e+00
1.168750000000000000e+02 1.168750000000000000e+02 6.375000000000000000e+01 1.000000000000000000e+00
1.125000000000000000e+02 1.275000000000000000e+02 6.750000000000000000e+01 1.000000000000000000e+00
1.219565217391304373e+02 1.330434782608695627e+02 6.652173913043478137e+01 1.000000000000000000e+00
1.176923076923076934e+02 1.373076923076923208e+02 7.846153846153846700e+01 1.000000000000000000e+00
1.275000000000000000e+02 1.275000000000000000e+02 6.954545454545454675e+01 1.000000000000000000e+00
1.176923076923076934e+02 1.275000000000000000e+02 6.865384615384616041e+01 1.000000000000000000e+00
1.214285714285714306e+02 1.335714285714285836e+02 7.285714285714286120e+01 1.000000000000000000e+00
1.207894736842105203e+02 1.342105263157894797e+02 7.381578947368420529e+01 1.000000000000000000e+00
1.159090909090909065e+02 1.390909090909090935e+02 6.954545454545454675e+01 1.000000000000000000e+00
1.159090909090909065e+02 1.275000000000000000e+02 6.954545454545454675e+01 1.000000000000000000e+00
1.125000000000000000e+02 1.275000000000000000e+02 6.750000000000000000e+01 1.000000000000000000e+00
1.115625000000000000e+02 1.275000000000000000e+02 7.171875000000000000e+01 1.000000000000000000e+00
1.105000000000000000e+02 1.275000000000000000e+02 6.800000000000000000e+01 1.000000000000000000e+00
1.159090909090909065e+02 1.390909090909090935e+02 6.954545454545454675e+01 1.000000000000000000e+00
1.102702702702702737e+02 1.240540540540540491e+02 6.891891891891891930e+01 1.000000000000000000e+00
1.092857142857142918e+02 1.238571428571428612e+02 7.285714285714286120e+01 1.000000000000000000e+00
1.159090909090909065e+02 1.275000000000000000e+02 6.954545454545454675e+01 1.000000000000000000e+00
1.207894736842105203e+02 1.207894736842105203e+02 6.710526315789473983e+01 1.000000000000000000e+00
1.171621621621621614e+02 1.309459459459459367e+02 7.581081081081080697e+01 1.000000000000000000e+00
1.151612903225806406e+02 1.233870967741935516e+02 7.403225806451612812e+01 1.000000000000000000e+00
1.195312500000000000e+02 1.275000000000000000e+02 7.171875000000000000e+01 1.000000000000000000e+00
1.530000000000000000e+02 1.530000000000000000e+02 5.100000000000000000e+01 1.000000000000000000e+00
1.207894736842105203e+02 1.342105263157894797e+02 8.052631578947368496e+01 1.000000000000000000e+00
1.151612903225806406e+02 1.233870967741935516e+02 7.403225806451612812e+01 1.000000000000000000e+00
1.168750000000000000e+02 1.275000000000000000e+02 7.437500000000000000e+01 1.000000000000000000e+00
1.171621621621621614e+02 1.309459459459459367e+02 7.581081081081080697e+01 1.000000000000000000e+00
1.275000000000000000e+02 1.275000000000000000e+02 1.275000000000000000e+02 1.000000000000000000e+00
1.147500000000000000e+02 1.275000000000000000e+02 7.650000000000000000e+01 1.000000000000000000e+00
1.214285714285714306e+02 1.335714285714285836e+02 7.285714285714286120e+01 1.000000000000000000e+00
1.275000000000000000e+02 1.457142857142857224e+02 7.285714285714286120e+01 1.000000000000000000e+00
1.219565217391304373e+02 1.219565217391304373e+02 6.652173913043478137e+01 1.000000000000000000e+00
1.133333333333333286e+02 1.275000000000000000e+02 7.083333333333332860e+01 1.000000000000000000e+00
1.700000000000000000e+02 1.700000000000000000e+02 8.500000000000000000e+01 1.000000000000000000e+00
1.700000000000000000e+02 1.700000000000000000e+02 8.500000000000000000e+01 1.000000000000000000e+00
1.700000000000000000e+02 1.700000000000000000e+02 8.500000000000000000e+01 1.000000000000000000e+00
1.700000000000000000e+02 1.700000000000000000e+02 8.500000000000000000e+01 1.000000000000000000e+00
1.171621621621621614e+02 1.309459459459459367e+02 7.581081081081080697e+01 1.000000000000000000e+00
1.207894736842105203e+02 1.275000000000000000e+02 7.381578947368420529e+01 1.000000000000000000e+00
1.530000000000000000e+02 1.530000000000000000e+02 5.100000000000000000e+01 1.000000000000000000e+00
1.143103448275862064e+02 1.231034482758620641e+02 7.034482758620688969e+01 1.000000000000000000e+00
1.122000000000000028e+02 1.224000000000000057e+02 7.140000000000000568e+01 1.000000000000000000e+00
1.275000000000000000e+02 1.275000000000000000e+02 6.375000000000000000e+01 1.000000000000000000e+00
1.275000000000000000e+02 1.275000000000000000e+02 7.968750000000000000e+01 1.000000000000000000e+00
1.200000000000000000e+02 1.275000000000000000e+02 7.500000000000000000e+01 1.000000000000000000e+00
1.275000000000000000e+02 1.275000000000000000e+02 7.968750000000000000e+01 1.000000000000000000e+00
1.700000000000000000e+02 1.700000000000000000e+02 8.500000000000000000e+01 1.000000000000000000e+00
1.176923076923076934e+02 1.307692307692307736e+02 7.192307692307691980e+01 2.000000000000000000e+00
1.176923076923076934e+02 1.307692307692307736e+02 7.192307692307691980e+01 2.000000000000000000e+00
1.204166666666666714e+02 1.275000000000000000e+02 7.791666666666667140e+01 2.000000000000000000e+00
1.176923076923076934e+02 1.176923076923076934e+02 7.846153846153846700e+01 2.000000000000000000e+00
1.092857142857142918e+02 1.457142857142857224e+02 7.285714285714286120e+01 2.000000000000000000e+00
1.227777777777777715e+02 1.322222222222222285e+02 7.555555555555555713e+01 2.000000000000000000e+00
1.195312500000000000e+02 1.275000000000000000e+02 7.171875000000000000e+01 2.000000000000000000e+00
1.159090909090909065e+02 1.313636363636363740e+02 6.954545454545454675e+01 2.000000000000000000e+00
1.133333333333333286e+02 1.416666666666666572e+02 5.666666666666666430e+01 2.000000000000000000e+00
1.207894736842105203e+02 1.342105263157894797e+02 6.710526315789473983e+01 2.000000000000000000e+00
1.190000000000000000e+02 1.360000000000000000e+02 6.800000000000000000e+01 2.000000000000000000e+00
1.190000000000000000e+02 1.360000000000000000e+02 6.800000000000000000e+01 2.000000000000000000e+00
1.151612903225806406e+02 1.316129032258064626e+02 7.403225806451612812e+01 2.000000000000000000e+00
1.275000000000000000e+02 1.275000000000000000e+02 7.285714285714286120e+01 2.000000000000000000e+00
1.151612903225806406e+02 1.316129032258064626e+02 7.403225806451612812e+01 2.000000000000000000e+00
1.159090909090909065e+02 1.236363636363636402e+02 6.954545454545454675e+01 2.000000000000000000e+00
1.140789473684210549e+02 1.275000000000000000e+02 7.381578947368420529e+01 2.000000000000000000e+00
1.159090909090909065e+02 1.313636363636363740e+02 7.727272727272726627e+01 2.000000000000000000e+00
1.224000000000000057e+02 1.224000000000000057e+02 7.140000000000000568e+01 2.000000000000000000e+00
1.207894736842105203e+02 1.275000000000000000e+02 7.381578947368420529e+01 2.000000000000000000e+00
1.171621621621621614e+02 1.309459459459459367e+02 7.581081081081080697e+01 2.000000000000000000e+00
1.275000000000000000e+02 1.275000000000000000e+02 7.650000000000000000e+01 2.000000000000000000e+00
1.214285714285714306e+02 1.214285714285714306e+02 7.285714285714286120e+01 2.000000000000000000e+00
1.171621621621621614e+02 1.309459459459459367e+02 7.581081081081080697e+01 2.000000000000000000e+00
1.159090909090909065e+02 1.275000000000000000e+02 6.954545454545454675e+01 2.000000000000000000e+00
1.176923076923076934e+02 1.242307692307692264e+02 7.192307692307691980e+01 2.000000000000000000e+00
1.275000000000000000e+02 1.275000000000000000e+02 7.968750000000000000e+01 2.000000000000000000e+00
1.275000000000000000e+02 1.275000000000000000e+02 6.375000000000000000e+01 2.000000000000000000e+00
1.204166666666666714e+02 1.275000000000000000e+02 7.083333333333332860e+01 2.000000000000000000e+00
1.190000000000000000e+02 1.360000000000000000e+02 6.800000000000000000e+01 2.000000000000000000e+00
1.190000000000000000e+02 1.360000000000000000e+02 6.800000000000000000e+01 2.000000000000000000e+00
1.133333333333333286e+02 1.275000000000000000e+02 7.083333333333332860e+01 2.000000000000000000e+00
1.275000000000000000e+02 1.275000000000000000e+02 1.275000000000000000e+02 2.000000000000000000e+00
1.416666666666666572e+02 1.416666666666666572e+02 8.500000000000000000e+01 2.000000000000000000e+00
1.159090909090909065e+02 1.236363636363636402e+02 7.727272727272726627e+01 2.000000000000000000e+00
1.159090909090909065e+02 1.159090909090909065e+02 6.954545454545454675e+01 2.000000000000000000e+00
1.214285714285714306e+02 1.214285714285714306e+02 7.285714285714286120e+01 2.000000000000000000e+00
1.176923076923076934e+02 1.307692307692307736e+02 7.192307692307691980e+01 2.000000000000000000e+00
1.219565217391304373e+02 1.219565217391304373e+02 7.760869565217390686e+01 2.000000000000000000e+00
1.275000000000000000e+02 1.275000000000000000e+02 0.000000000000000000e+00 2.000000000000000000e+00
1.176923076923076934e+02 1.242307692307692264e+02 7.192307692307691980e+01 2.000000000000000000e+00
1.200000000000000000e+02 1.275000000000000000e+02 7.500000000000000000e+01 2.000000000000000000e+00
1.176923076923076934e+02 1.242307692307692264e+02 7.192307692307691980e+01 2.000000000000000000e+00
1.195312500000000000e+02 1.275000000000000000e+02 7.171875000000000000e+01 2.000000000000000000e+00
1.115625000000000000e+02 1.275000000000000000e+02 6.375000000000000000e+01 2.000000000000000000e+00
1.151612903225806406e+02 1.233870967741935516e+02 7.403225806451612812e+01 2.000000000000000000e+00
1.200000000000000000e+02 1.350000000000000000e+02 7.500000000000000000e+01 2.000000000000000000e+00
1.111538461538461604e+02 1.242307692307692264e+02 7.192307692307691980e+01 2.000000000000000000e+00
1.275000000000000000e+02 1.275000000000000000e+02 7.083333333333332860e+01 2.000000000000000000e+00
1.275000000000000000e+02 1.275000000000000000e+02 7.968750000000000000e+01 2.000000000000000000e+00
1.275000000000000000e+02 1.275000000000000000e+02 7.083333333333332860e+01 2.000000000000000000e+00
1.275000000000000000e+02 1.275000000000000000e+02 6.375000000000000000e+01 2.000000000000000000e+00
1.190000000000000000e+02 1.360000000000000000e+02 6.800000000000000000e+01 2.000000000000000000e+00
1.151612903225806406e+02 1.316129032258064626e+02 7.403225806451612812e+01 2.000000000000000000e+00
1.143103448275862064e+02 1.318965517241379359e+02 7.913793103448276156e+01 2.000000000000000000e+00
1.176923076923076934e+02 1.307692307692307736e+02 7.846153846153846700e+01 2.000000000000000000e+00
1.176923076923076934e+02 1.242307692307692264e+02 7.192307692307691980e+01 2.000000000000000000e+00
1.700000000000000000e+02 1.700000000000000000e+02 8.500000000000000000e+01 2.000000000000000000e+00
1.176923076923076934e+02 1.242307692307692264e+02 7.192307692307691980e+01 2.000000000000000000e+00
1.275000000000000000e+02 1.275000000000000000e+02 7.968750000000000000e+01 2.000000000000000000e+00
1.165714285714285694e+02 1.238571428571428612e+02 6.557142857142856940e+01 2.000000000000000000e+00
1.133333333333333286e+02 1.227777777777777715e+02 6.611111111111111427e+01 2.000000000000000000e+00
1.111538461538461604e+02 1.242307692307692264e+02 6.538461538461538680e+01 2.000000000000000000e+00
1.143103448275862064e+02 1.231034482758620641e+02 7.034482758620688969e+01 2.000000000000000000e+00
1.133333333333333286e+02 1.227777777777777715e+02 6.611111111111111427e+01 2.000000000000000000e+00
1.111538461538461604e+02 1.242307692307692264e+02 6.538461538461538680e+01 2.000000000000000000e+00
1.700000000000000000e+02 1.700000000000000000e+02 8.500000000000000000e+01 2.000000000000000000e+00
1.111538461538461604e+02 1.242307692307692264e+02 6.538461538461538680e+01 2.000000000000000000e+00
1.108695652173912976e+02 1.219565217391304373e+02 6.652173913043478137e+01 2.000000000000000000e+00
1.275000000000000000e+02 1.275000000000000000e+02 7.083333333333332860e+01 2.000000000000000000e+00
1.275000000000000000e+02 1.275000000000000000e+02 6.375000000000000000e+01 2.000000000000000000e+00
1.140789473684210549e+02 1.275000000000000000e+02 6.710526315789473983e+01 2.000000000000000000e+00
1.140789473684210549e+02 1.275000000000000000e+02 6.710526315789473983e+01 2.000000000000000000e+00
1.092857142857142918e+02 1.238571428571428612e+02 6.557142857142856940e+01 2.000000000000000000e+00
1.140789473684210549e+02 1.275000000000000000e+02 6.710526315789473983e+01 2.000000000000000000e+00
1.108695652173912976e+02 1.219565217391304373e+02 6.652173913043478137e+01 2.000000000000000000e+00
1.207894736842105203e+02 1.207894736842105203e+02 6.710526315789473983e+01 2.000000000000000000e+00
1.207894736842105203e+02 1.342105263157894797e+02 6.710526315789473983e+01 2.000000000000000000e+00
1.133333333333333286e+02 1.275000000000000000e+02 7.083333333333332860e+01 2.000000000000000000e+00
1.140789473684210549e+02 1.275000000000000000e+02 6.710526315789473983e+01 2.000000000000000000e+00
1.165714285714285694e+02 1.238571428571428612e+02 6.557142857142856940e+01 2.000000000000000000e+00
1.159090909090909065e+02 1.236363636363636402e+02 6.954545454545454675e+01 2.000000000000000000e+00
1.133333333333333286e+02 1.416666666666666572e+02 5.666666666666666430e+01 2.000000000000000000e+00
1.159090909090909065e+02 1.159090909090909065e+02 6.954545454545454675e+01 2.000000000000000000e+00
1.700000000000000000e+02 1.700000000000000000e+02 8.500000000000000000e+01 2.000000000000000000e+00
1.275000000000000000e+02 1.275000000000000000e+02 0.000000000000000000e+00 2.000000000000000000e+00
1.227777777777777715e+02 1.322222222222222285e+02 6.611111111111111427e+01 2.000000000000000000e+00
1.140789473684210549e+02 1.275000000000000000e+02 6.710526315789473983e+01 2.000000000000000000e+00
1.159090909090909065e+02 1.275000000000000000e+02 6.954545454545454675e+01 2.000000000000000000e+00
1.176923076923076934e+02 1.307692307692307736e+02 7.192307692307691980e+01 2.000000000000000000e+00
1.275000000000000000e+02 1.275000000000000000e+02 7.650000000000000000e+01 2.000000000000000000e+00
1.176923076923076934e+02 1.307692307692307736e+02 7.192307692307691980e+01 2.000000000000000000e+00
1.176923076923076934e+02 1.242307692307692264e+02 7.192307692307691980e+01 2.000000000000000000e+00
1.140789473684210549e+02 1.275000000000000000e+02 7.381578947368420529e+01 2.000000000000000000e+00
1.700000000000000000e+02 1.700000000000000000e+02 8.500000000000000000e+01 2.000000000000000000e+00
1.159090909090909065e+02 1.236363636363636402e+02 6.954545454545454675e+01 2.000000000000000000e+00
1.151612903225806406e+02 1.316129032258064626e+02 6.580645161290323131e+01 2.000000000000000000e+00
1.416666666666666572e+02 1.416666666666666572e+02 8.500000000000000000e+01 2.000000000000000000e+00
1.176923076923076934e+02 1.373076923076923208e+02 5.884615384615384670e+01 2.000000000000000000e+00
1.231034482758620641e+02 1.318965517241379359e+02 7.034482758620688969e+01 2.000000000000000000e+00
1.224000000000000057e+02 1.325999999999999943e+02 7.140000000000000568e+01 2.000000000000000000e+00
1.111538461538461604e+02 1.242307692307692264e+02 6.538461538461538680e+01 2.000000000000000000e+00
1.176923076923076934e+02 1.275000000000000000e+02 6.865384615384616041e+01 2.000000000000000000e+00
1.219565217391304373e+02 1.330434782608695627e+02 6.652173913043478137e+01 2.000000000000000000e+00
1.143103448275862064e+02 1.231034482758620641e+02 7.034482758620688969e+01 2.000000000000000000e+00
1.140789473684210549e+02 1.275000000000000000e+02 6.710526315789473983e+01 2.000000000000000000e+00
1.159090909090909065e+02 1.236363636363636402e+02 6.954545454545454675e+01 2.000000000000000000e+00
1.140789473684210549e+02 1.275000000000000000e+02 6.710526315789473983e+01 2.000000000000000000e+00
1.168750000000000000e+02 1.275000000000000000e+02 6.375000000000000000e+01 2.000000000000000000e+00
1.133333333333333286e+02 1.227777777777777715e+02 6.611111111111111427e+01 2.000000000000000000e+00
1.165714285714285694e+02 1.311428571428571388e+02 7.285714285714286120e+01 2.000000000000000000e+00
1.133333333333333286e+02 1.275000000000000000e+02 7.083333333333332860e+01 2.000000000000000000e+00
1.275000000000000000e+02 1.275000000000000000e+02 1.275000000000000000e+02 2.000000000000000000e+00
1.147500000000000000e+02 1.275000000000000000e+02 7.650000000000000000e+01 2.000000000000000000e+00
1.159090909090909065e+02 1.159090909090909065e+02 6.954545454545454675e+01 2.000000000000000000e+00
1.159090909090909065e+02 1.275000000000000000e+02 6.954545454545454675e+01 2.000000000000000000e+00
1.275000000000000000e+02 1.275000000000000000e+02 0.000000000000000000e+00 2.000000000000000000e+00
1.190000000000000000e+02 1.360000000000000000e+02 6.800000000000000000e+01 2.000000000000000000e+00
1.275000000000000000e+02 1.275000000000000000e+02 6.375000000000000000e+01 2.000000000000000000e+00
1.176923076923076934e+02 1.307692307692307736e+02 7.192307692307691980e+01 2.000000000000000000e+00
1.133333333333333286e+02 1.275000000000000000e+02 7.083333333333332860e+01 2.000000000000000000e+00
1.176923076923076934e+02 1.242307692307692264e+02 7.192307692307691980e+01 2.000000000000000000e+00
1.700000000000000000e+02 1.700000000000000000e+02 8.500000000000000000e+01 2.000000000000000000e+00
1.176923076923076934e+02 1.307692307692307736e+02 7.192307692307691980e+01 2.000000000000000000e+00
1.159090909090909065e+02 1.313636363636363740e+02 6.954545454545454675e+01 2.000000000000000000e+00
1.140789473684210549e+02 1.275000000000000000e+02 6.710526315789473983e+01 2.000000000000000000e+00
1.159090909090909065e+02 1.390909090909090935e+02 6.954545454545454675e+01 2.000000000000000000e+00
1.159090909090909065e+02 1.275000000000000000e+02 6.954545454545454675e+01 2.000000000000000000e+00
1.171621621621621614e+02 1.240540540540540491e+02 6.891891891891891930e+01 2.000000000000000000e+00
1.176923076923076934e+02 1.307692307692307736e+02 7.192307692307691980e+01 2.000000000000000000e+00
1.700000000000000000e+02 1.700000000000000000e+02 8.500000000000000000e+01 2.000000000000000000e+00
1.176923076923076934e+02 1.307692307692307736e+02 7.192307692307691980e+01 2.000000000000000000e+00
1.183928571428571388e+02 1.275000000000000000e+02 7.285714285714286120e+01 2.000000000000000000e+00
1.140789473684210549e+02 1.275000000000000000e+02 6.710526315789473983e+01 2.000000000000000000e+00
1.176923076923076934e+02 1.307692307692307736e+02 7.192307692307691980e+01 2.000000000000000000e+00
1.275000000000000000e+02 1.275000000000000000e+02 6.375000000000000000e+01 2.000000000000000000e+00
1.176923076923076934e+02 1.307692307692307736e+02 7.192307692307691980e+01 2.000000000000000000e+00
1.176923076923076934e+02 1.373076923076923208e+02 7.846153846153846700e+01 2.000000000000000000e+00
1.176923076923076934e+02 1.275000000000000000e+02 6.865384615384616041e+01 2.000000000000000000e+00
1.275000000000000000e+02 1.275000000000000000e+02 6.375000000000000000e+01 2.000000000000000000e+00
1.190000000000000000e+02 1.275000000000000000e+02 6.800000000000000000e+01 2.000000000000000000e+00
1.219565217391304373e+02 1.330434782608695627e+02 6.652173913043478137e+01 2.000000000000000000e+00
1.176923076923076934e+02 1.373076923076923208e+02 7.846153846153846700e+01 2.000000000000000000e+00
1.219565217391304373e+02 1.330434782608695627e+02 6.652173913043478137e+01 2.000000000000000000e+00
1.159090909090909065e+02 1.313636363636363740e+02 6.954545454545454675e+01 2.000000000000000000e+00
1.168750000000000000e+02 1.275000000000000000e+02 7.437500000000000000e+01 2.000000000000000000e+00
1.143103448275862064e+02 1.231034482758620641e+02 7.034482758620688969e+01 2.000000000000000000e+00
1.373076923076923208e+02 1.373076923076923208e+02 7.846153846153846700e+01 2.000000000000000000e+00
1.190000000000000000e+02 1.275000000000000000e+02 6.800000000000000000e+01 2.000000000000000000e+00
1.275000000000000000e+02 1.275000000000000000e+02 7.968750000000000000e+01 2.000000000000000000e+00
1.200000000000000000e+02 1.350000000000000000e+02 6.000000000000000000e+01 3.000000000000000000e+00
1.207894736842105203e+02 1.207894736842105203e+02 6.710526315789473983e+01 3.000000000000000000e+00
1.275000000000000000e+02 1.275000000000000000e+02 5.100000000000000000e+01 3.000000000000000000e+00
1.171621621621621614e+02 1.309459459459459367e+02 6.202702702702702453e+01 3.000000000000000000e+00
1.176923076923076934e+02 1.275000000000000000e+02 5.884615384615384670e+01 3.000000000000000000e+00
1.183928571428571388e+02 1.275000000000000000e+02 6.375000000000000000e+01 3.000000000000000000e+00
1.219565217391304373e+02 1.219565217391304373e+02 6.652173913043478137e+01 3.000000000000000000e+00
1.214285714285714306e+02 1.214285714285714306e+02 6.071428571428571530e+01 3.000000000000000000e+00
1.159090909090909065e+02 1.313636363636363740e+02 6.181818181818182012e+01 3.000000000000000000e+00
1.275000000000000000e+02 1.275000000000000000e+02 7.083333333333332860e+01 3.000000000000000000e+00
1.159090909090909065e+02 1.275000000000000000e+02 5.795454545454545325e+01 3.000000000000000000e+00
1.159090909090909065e+02 1.159090909090909065e+02 6.954545454545454675e+01 3.000000000000000000e+00
1.373076923076923208e+02 1.373076923076923208e+02 5.884615384615384670e+01 3.000000000000000000e+00
1.457142857142857224e+02 1.092857142857142918e+02 7.285714285714286120e+01 3.000000000000000000e+00
1.140789473684210549e+02 1.275000000000000000e+02 6.039473684210526017e+01 3.000000000000000000e+00
1.912500000000000000e+02 1.275000000000000000e+02 6.375000000000000000e+01 3.000000000000000000e+00
1.176923076923076934e+02 1.373076923076923208e+02 5.884615384615384670e+01 3.000000000000000000e+00
1.360000000000000000e+02 1.360000000000000000e+02 6.800000000000000000e+01 3.000000000000000000e+00
1.200000000000000000e+02 1.275000000000000000e+02 6.000000000000000000e+01 3.000000000000000000e+00
1.190000000000000000e+02 1.275000000000000000e+02 6.800000000000000000e+01 3.000000000000000000e+00
1.275000000000000000e+02 1.275000000000000000e+02 6.375000000000000000e+01 3.000000000000000000e+00
1.140789473684210549e+02 1.275000000000000000e+02 6.039473684210526017e+01 3.000000000000000000e+00
1.416666666666666572e+02 1.416666666666666572e+02 5.666666666666666430e+01 3.000000000000000000e+00
1.231034482758620641e+02 1.318965517241379359e+02 6.155172413793103203e+01 3.000000000000000000e+00
1.195312500000000000e+02 1.275000000000000000e+02 6.375000000000000000e+01 3.000000000000000000e+00
1.151612903225806406e+02 1.316129032258064626e+02 6.580645161290323131e+01 3.000000000000000000e+00
1.275000000000000000e+02 1.275000000000000000e+02 6.375000000000000000e+01 3.000000000000000000e+00
1.140789473684210549e+02 1.275000000000000000e+02 6.039473684210526017e+01 3.000000000000000000e+00
1.373076923076923208e+02 1.373076923076923208e+02 5.884615384615384670e+01 3.000000000000000000e+00
1.207894736842105203e+02 1.275000000000000000e+02 6.710526315789473983e+01 3.000000000000000000e+00
1.190000000000000000e+02 1.190000000000000000e+02 6.800000000000000000e+01 3.000000000000000000e+00
1.207894736842105203e+02 1.275000000000000000e+02 6.710526315789473983e+01 3.000000000000000000e+00
1.912500000000000000e+02 1.275000000000000000e+02 6.375000000000000000e+01 3.000000000000000000e+00
1.171621621621621614e+02 1.309459459459459367e+02 6.202702702702702453e+01 3.000000000000000000e+00
1.275000000000000000e+02 1.275000000000000000e+02 6.954545454545454675e+01 3.000000000000000000e+00
1.195312500000000000e+02 1.275000000000000000e+02 6.375000000000000000e+01 3.000000000000000000e+00
1.183928571428571388e+02 1.275000000000000000e+02 6.375000000000000000e+01 3.000000000000000000e+00
1.700000000000000000e+02 1.700000000000000000e+02 8.500000000000000000e+01 3.000000000000000000e+00
1.207894736842105203e+02 1.275000000000000000e+02 6.039473684210526017e+01 3.000000000000000000e+00
1.275000000000000000e+02 1.275000000000000000e+02 6.375000000000000000e+01 3.000000000000000000e+00
1.207894736842105203e+02 1.275000000000000000e+02 6.039473684210526017e+01 3.000000000000000000e+00
1.275000000000000000e+02 1.275000000000000000e+02 6.375000000000000000e+01 3.000000000000000000e+00
1.231034482758620641e+02 1.231034482758620641e+02 6.155172413793103203e+01 3.000000000000000000e+00
1.457142857142857224e+02 1.457142857142857224e+02 7.285714285714286120e+01 3.000000000000000000e+00
1.195312500000000000e+02 1.275000000000000000e+02 6.375000000000000000e+01 3.000000000000000000e+00
1.416666666666666572e+02 1.133333333333333286e+02 5.666666666666666430e+01 3.000000000000000000e+00
1.219565217391304373e+02 1.219565217391304373e+02 6.652173913043478137e+01 3.000000000000000000e+00
1.912500000000000000e+02 1.275000000000000000e+02 6.375000000000000000e+01 3.000000000000000000e+00
1.195312500000000000e+02 1.275000000000000000e+02 6.375000000000000000e+01 3.000000000000000000e+00
1.275000000000000000e+02 1.275000000000000000e+02 7.285714285714286120e+01 3.000000000000000000e+00
1.275000000000000000e+02 1.275000000000000000e+02 5.464285714285714590e+01 3.000000000000000000e+00
1.190000000000000000e+02 1.020000000000000000e+02 6.800000000000000000e+01 3.000000000000000000e+00
1.457142857142857224e+02 1.457142857142857224e+02 7.285714285714286120e+01 3.000000000000000000e+00
1.275000000000000000e+02 1.275000000000000000e+02 6.375000000000000000e+01 3.000000000000000000e+00
1.171621621621621614e+02 1.240540540540540491e+02 6.202702702702702453e+01 3.000000000000000000e+00
1.176923076923076934e+02 1.275000000000000000e+02 5.884615384615384670e+01 3.000000000000000000e+00
1.360000000000000000e+02 1.360000000000000000e+02 6.800000000000000000e+01 3.000000000000000000e+00
1.912500000000000000e+02 1.275000000000000000e+02 6.375000000000000000e+01 3.000000000000000000e+00
1.275000000000000000e+02 1.275000000000000000e+02 6.375000000000000000e+01 3.000000000000000000e+00
1.275000000000000000e+02 1.275000000000000000e+02 6.375000000000000000e+01 3.000000000000000000e+00
1.700000000000000000e+02 1.275000000000000000e+02 8.500000000000000000e+01 3.000000000000000000e+00
1.176923076923076934e+02 1.176923076923076934e+02 5.884615384615384670e+01 3.000000000000000000e+00
1.214285714285714306e+02 1.214285714285714306e+02 6.071428571428571530e+01 3.000000000000000000e+00
1.275000000000000000e+02 1.275000000000000000e+02 6.375000000000000000e+01 3.000000000000000000e+00
1.416666666666666572e+02 1.133333333333333286e+02 5.666666666666666430e+01 3.000000000000000000e+00
1.171621621621621614e+02 1.240540540540540491e+02 6.202702702702702453e+01 3.000000000000000000e+00
1.373076923076923208e+02 1.176923076923076934e+02 5.884615384615384670e+01 3.000000000000000000e+00
1.190000000000000000e+02 1.360000000000000000e+02 6.800000000000000000e+01 3.000000000000000000e+00
1.165714285714285694e+02 1.238571428571428612e+02 6.557142857142856940e+01 3.000000000000000000e+00
1.233870967741935516e+02 1.316129032258064626e+02 6.580645161290323131e+01 3.000000000000000000e+00
1.275000000000000000e+02 1.275000000000000000e+02 6.375000000000000000e+01 3.000000000000000000e+00
1.530000000000000000e+02 1.530000000000000000e+02 5.100000000000000000e+01 3.000000000000000000e+00
1.238571428571428612e+02 1.311428571428571388e+02 5.828571428571428470e+01 3.000000000000000000e+00
1.219565217391304373e+02 1.219565217391304373e+02 6.652173913043478137e+01 3.000000000000000000e+00
1.342105263157894797e+02 1.342105263157894797e+02 6.710526315789473983e+01 3.000000000000000000e+00
1.700000000000000000e+02 1.700000000000000000e+02 8.500000000000000000e+01 3.000000000000000000e+00
1.227777777777777715e+02 1.227777777777777715e+02 5.666666666666666430e+01 3.000000000000000000e+00
1.275000000000000000e+02 1.275000000000000000e+02 6.375000000000000000e+01 3.000000000000000000e+00
1.219565217391304373e+02 1.330434782608695627e+02 6.652173913043478137e+01 3.000000000000000000e+00
1.360000000000000000e+02 1.190000000000000000e+02 6.800000000000000000e+01 3.000000000000000000e+00
1.275000000000000000e+02 1.275000000000000000e+02 6.375000000000000000e+01 3.000000000000000000e+00
1.231034482758620641e+02 1.231034482758620641e+02 6.155172413793103203e+01 3.000000000000000000e+00
1.231034482758620641e+02 1.231034482758620641e+02 6.155172413793103203e+01 3.000000000000000000e+00
1.335714285714285836e+02 1.335714285714285836e+02 6.071428571428571530e+01 3.000000000000000000e+00
1.219565217391304373e+02 1.219565217391304373e+02 6.652173913043478137e+01 3.000000000000000000e+00
1.593750000000000000e+02 1.275000000000000000e+02 6.375000000000000000e+01 3.000000000000000000e+00
1.238571428571428612e+02 1.311428571428571388e+02 5.828571428571428470e+01 3.000000000000000000e+00
1.236363636363636402e+02 1.236363636363636402e+02 6.181818181818182012e+01 3.000000000000000000e+00
1.238571428571428612e+02 1.238571428571428612e+02 5.828571428571428470e+01 3.000000000000000000e+00
1.700000000000000000e+02 1.700000000000000000e+02 8.500000000000000000e+01 3.000000000000000000e+00
1.350000000000000000e+02 1.350000000000000000e+02 6.000000000000000000e+01 3.000000000000000000e+00
1.275000000000000000e+02 1.275000000000000000e+02 5.884615384615384670e+01 3.000000000000000000e+00
1.238571428571428612e+02 1.238571428571428612e+02 5.828571428571428470e+01 3.000000000000000000e+00
1.238571428571428612e+02 1.238571428571428612e+02 5.828571428571428470e+01 3.000000000000000000e+00
1.236363636363636402e+02 1.313636363636363740e+02 6.181818181818182012e+01 3.000000000000000000e+00
1.227777777777777715e+02 1.227777777777777715e+02 5.666666666666666430e+01 3.000000000000000000e+00
1.275000000000000000e+02 1.275000000000000000e+02 6.375000000000000000e+01 3.000000000000000000e+00
1.176923076923076934e+02 1.176923076923076934e+02 5.884615384615384670e+01 3.000000000000000000e+00
1.231034482758620641e+02 1.318965517241379359e+02 6.155172413793103203e+01 3.000000000000000000e+00
1.700000000000000000e+02 1.275000000000000000e+02 4.250000000000000000e+01 3.000000000000000000e+00
1.275000000000000000e+02 1.275000000000000000e+02 6.375000000000000000e+01 3.000000000000000000e+00
1.335714285714285836e+02 1.335714285714285836e+02 6.071428571428571530e+01 3.000000000000000000e+00
1.457142857142857224e+02 1.275000000000000000e+02 7.285714285714286120e+01 3.000000000000000000e+00
1.342105263157894797e+02 1.342105263157894797e+02 6.710526315789473983e+01 3.000000000000000000e+00
1.700000000000000000e+02 8.500000000000000000e+01 8.500000000000000000e+01 3.000000000000000000e+00
1.275000000000000000e+02 1.275000000000000000e+02 5.795454545454545325e+01 3.000000000000000000e+00
1.275000000000000000e+02 1.275000000000000000e+02 5.464285714285714590e+01 3.000000000000000000e+00
1.330434782608695627e+02 1.330434782608695627e+02 6.652173913043478137e+01 3.000000000000000000e+00
1.360000000000000000e+02 1.190000000000000000e+02 6.800000000000000000e+01 3.000000000000000000e+00
1.231034482758620641e+02 1.231034482758620641e+02 6.155172413793103203e+01 3.000000000000000000e+00
1.487500000000000000e+02 1.275000000000000000e+02 6.375000000000000000e+01 3.000000000000000000e+00
1.416666666666666572e+02 1.133333333333333286e+02 5.666666666666666430e+01 3.000000000000000000e+00
1.457142857142857224e+02 1.092857142857142918e+02 7.285714285714286120e+01 3.000000000000000000e+00
1.275000000000000000e+02 1.275000000000000000e+02 5.795454545454545325e+01 3.000000000000000000e+00
1.416666666666666572e+02 1.133333333333333286e+02 5.666666666666666430e+01 3.000000000000000000e+00
1.231034482758620641e+02 1.318965517241379359e+02 6.155172413793103203e+01 3.000000000000000000e+00
1.275000000000000000e+02 1.275000000000000000e+02 6.375000000000000000e+01 3.000000000000000000e+00
1.416666666666666572e+02 1.133333333333333286e+02 5.666666666666666430e+01 3.000000000000000000e+00
1.275000000000000000e+02 1.275000000000000000e+02 6.000000000000000000e+01 3.000000000000000000e+00
1.227777777777777715e+02 1.227777777777777715e+02 5.666666666666666430e+01 3.000000000000000000e+00
1.275000000000000000e+02 1.275000000000000000e+02 6.375000000000000000e+01 3.000000000000000000e+00
1.275000000000000000e+02 1.275000000000000000e+02 6.000000000000000000e+01 3.000000000000000000e+00
1.275000000000000000e+02 1.275000000000000000e+02 0.000000000000000000e+00 3.000000000000000000e+00
1.275000000000000000e+02 1.275000000000000000e+02 5.950000000000000000e+01 3.000000000000000000e+00
1.275000000000000000e+02 1.275000000000000000e+02 6.375000000000000000e+01 3.000000000000000000e+00
1.275000000000000000e+02 1.275000000000000000e+02 5.884615384615384670e+01 3.000000000000000000e+00
1.275000000000000000e+02 1.275000000000000000e+02 6.375000000000000000e+01 3.000000000000000000e+00
1.275000000000000000e+02 1.275000000000000000e+02 6.375000000000000000e+01 3.000000000000000000e+00
1.275000000000000000e+02 1.275000000000000000e+02 6.375000000000000000e+01 3.000000000000000000e+00
1.275000000000000000e+02 1.275000000000000000e+02 6.375000000000000000e+01 3.000000000000000000e+00
1.275000000000000000e+02 1.275000000000000000e+02 6.375000000000000000e+01 3.000000000000000000e+00
1.233870967741935516e+02 1.233870967741935516e+02 5.758064516129032029e+01 3.000000000000000000e+00
1.275000000000000000e+02 1.275000000000000000e+02 0.000000000000000000e+00 3.000000000000000000e+00
1.275000000000000000e+02 1.275000000000000000e+02 6.375000000000000000e+01 3.000000000000000000e+00
1.912500000000000000e+02 1.275000000000000000e+02 6.375000000000000000e+01 3.000000000000000000e+00
1.325999999999999943e+02 1.224000000000000057e+02 6.120000000000000284e+01 3.000000000000000000e+00
1.318965517241379359e+02 1.318965517241379359e+02 6.155172413793103203e+01 3.000000000000000000e+00
1.275000000000000000e+02 1.275000000000000000e+02 5.795454545454545325e+01 3.000000000000000000e+00
1.236363636363636402e+02 1.236363636363636402e+02 6.181818181818182012e+01 3.000000000000000000e+00
1.390909090909090935e+02 1.159090909090909065e+02 6.954545454545454675e+01 3.000000000000000000e+00
1.275000000000000000e+02 1.275000000000000000e+02 6.375000000000000000e+01 3.000000000000000000e+00
1.416666666666666572e+02 1.275000000000000000e+02 5.666666666666666430e+01 3.000000000000000000e+00
1.912500000000000000e+02 1.275000000000000000e+02 6.375000000000000000e+01 3.000000000000000000e+00
1.219565217391304373e+02 1.219565217391304373e+02 5.543478260869564878e+01 3.000000000000000000e+00
1.233870967741935516e+02 1.233870967741935516e+02 5.758064516129032029e+01 3.000000000000000000e+00
1.275000000000000000e+02 1.275000000000000000e+02 6.000000000000000000e+01 3.000000000000000000e+00
1.416666666666666572e+02 1.133333333333333286e+02 5.666666666666666430e+01 3.000000000000000000e+00
1.275000000000000000e+02 1.275000000000000000e+02 6.000000000000000000e+01 3.000000000000000000e+00
1.342105263157894797e+02 1.207894736842105203e+02 6.710526315789473983e+01 3.000000000000000000e+00
1.313636363636363740e+02 1.313636363636363740e+02 6.181818181818182012e+01 3.000000000000000000e+00
1.360000000000000000e+02 1.275000000000000000e+02 6.800000000000000000e+01 4.000000000000000000e+00
1.416666666666666572e+02 1.416666666666666572e+02 5.666666666666666430e+01 4.000000000000000000e+00
1.350000000000000000e+02 1.350000000000000000e+02 7.500000000000000000e+01 4.000000000000000000e+00
1.360000000000000000e+02 1.190000000000000000e+02 6.800000000000000000e+01 4.000000000000000000e+00
1.360000000000000000e+02 1.190000000000000000e+02 6.800000000000000000e+01 4.000000000000000000e+00
1.416666666666666572e+02 1.416666666666666572e+02 5.666666666666666430e+01 4.000000000000000000e+00
1.530000000000000000e+02 1.275000000000000000e+02 7.650000000000000000e+01 4.000000000000000000e+00
1.457142857142857224e+02 1.275000000000000000e+02 7.285714285714286120e+01 4.000000000000000000e+00
1.342105263157894797e+02 1.342105263157894797e+02 6.710526315789473983e+01 4.000000000000000000e+00
1.275000000000000000e+02 1.275000000000000000e+02 6.375000000000000000e+01 4.000000000000000000e+00
1.398387096774193594e+02 1.233870967741935516e+02 6.580645161290323131e+01 4.000000000000000000e+00
1.416666666666666572e+02 1.416666666666666572e+02 5.666666666666666430e+01 4.000000000000000000e+00
1.360000000000000000e+02 1.275000000000000000e+02 6.800000000000000000e+01 4.000000000000000000e+00
1.335714285714285836e+02 1.214285714285714306e+02 6.071428571428571530e+01 4.000000000000000000e+00
1.390909090909090935e+02 1.390909090909090935e+02 6.954545454545454675e+01 4.000000000000000000e+00
1.441304347826086882e+02 1.330434782608695627e+02 6.652173913043478137e+01 4.000000000000000000e+00
1.366071428571428612e+02 1.275000000000000000e+02 6.375000000000000000e+01 4.000000000000000000e+00
1.390909090909090935e+02 1.390909090909090935e+02 6.954545454545454675e+01 4.000000000000000000e+00
1.390909090909090935e+02 1.275000000000000000e+02 6.954545454545454675e+01 4.000000000000000000e+00
1.373076923076923208e+02 1.176923076923076934e+02 6.865384615384616041e+01 4.000000000000000000e+00
1.402500000000000000e+02 1.275000000000000000e+02 6.375000000000000000e+01 4.000000000000000000e+00
1.316129032258064626e+02 1.233870967741935516e+02 6.580645161290323131e+01 4.000000000000000000e+00
1.275000000000000000e+02 1.275000000000000000e+02 1.275000000000000000e+02 4.000000000000000000e+00
1.416666666666666572e+02 1.275000000000000000e+02 7.083333333333332860e+01 4.000000000000000000e+00
1.275000000000000000e+02 1.275000000000000000e+02 7.285714285714286120e+01 4.000000000000000000e+00
1.316129032258064626e+02 1.233870967741935516e+02 6.580645161290323131e+01 4.000000000000000000e+00
1.360000000000000000e+02 1.275000000000000000e+02 6.800000000000000000e+01 4.000000000000000000e+00
1.350000000000000000e+02 1.350000000000000000e+02 6.000000000000000000e+01 4.000000000000000000e+00
1.381250000000000000e+02 1.275000000000000000e+02 6.375000000000000000e+01 4.000000000000000000e+00
1.316129032258064626e+02 1.233870967741935516e+02 6.580645161290323131e+01 4.000000000000000000e+00
1.342105263157894797e+02 1.342105263157894797e+02 6.710526315789473983e+01 4.000000000000000000e+00
1.325999999999999943e+02 1.325999999999999943e+02 6.120000000000000284e+01 4.000000000000000000e+00
1.275000000000000000e+02 1.275000000000000000e+02 8.500000000000000000e+01 4.000000000000000000e+00
1.350000000000000000e+02 1.350000000000000000e+02 6.000000000000000000e+01 4.000000000000000000e+00
1.275000000000000000e+02 1.275000000000000000e+02 7.083333333333332860e+01 4.000000000000000000e+00
1.275000000000000000e+02 1.275000000000000000e+02 5.666666666666666430e+01 4.000000000000000000e+00
1.530000000000000000e+02 1.275000000000000000e+02 7.650000000000000000e+01 4.000000000000000000e+00
1.275000000000000000e+02 1.275000000000000000e+02 5.100000000000000000e+01 4.000000000000000000e+00
1.700000000000000000e+02 1.700000000000000000e+02 8.500000000000000000e+01 4.000000000000000000e+00
1.342105263157894797e+02 1.342105263157894797e+02 6.710526315789473983e+01 4.000000000000000000e+00
1.530000000000000000e+02 1.530000000000000000e+02 5.100000000000000000e+01 4.000000000000000000e+00
1.700000000000000000e+02 1.700000000000000000e+02 8.500000000000000000e+01 4.000000000000000000e+00
1.457142857142857224e+02 1.275000000000000000e+02 7.285714285714286120e+01 4.000000000000000000e+00
1.366071428571428612e+02 1.275000000000000000e+02 6.375000000000000000e+01 4.000000000000000000e+00
1.390909090909090935e+02 1.275000000000000000e+02 6.954545454545454675e+01 4.000000000000000000e+00
1.275000000000000000e+02 1.275000000000000000e+02 6.375000000000000000e+01 4.000000000000000000e+00
1.275000000000000000e+02 1.275000000000000000e+02 6.375000000000000000e+01 4.000000000000000000e+00
1.275000000000000000e+02 1.275000000000000000e+02 5.795454545454545325e+01 4.000000000000000000e+00
1.275000000000000000e+02 1.275000000000000000e+02 6.375000000000000000e+01 4.000000000000000000e+00
1.275000000000000000e+02 1.275000000000000000e+02 6.375000000000000000e+01 4.000000000000000000e+00
1.325999999999999943e+02 1.224000000000000057e+02 6.120000000000000284e+01 4.000000000000000000e+00
1.330434782608695627e+02 1.219565217391304373e+02 6.652173913043478137e+01 4.000000000000000000e+00
1.434375000000000000e+02 1.275000000000000000e+02 6.375000000000000000e+01 4.000000000000000000e+00
1.330434782608695627e+02 1.219565217391304373e+02 6.652173913043478137e+01 4.000000000000000000e+00
1.487500000000000000e+02 1.275000000000000000e+02 6.375000000000000000e+01 4.000000000000000000e+00
1.322222222222222285e+02 1.227777777777777715e+02 6.611111111111111427e+01 4.000000000000000000e+00
1.350000000000000000e+02 1.350000000000000000e+02 6.000000000000000000e+01 4.000000000000000000e+00
1.275000000000000000e+02 1.275000000000000000e+02 6.375000000000000000e+01 4.000000000000000000e+00
1.366071428571428612e+02 1.275000000000000000e+02 6.375000000000000000e+01 4.000000000000000000e+00
1.275000000000000000e+02 1.275000000000000000e+02 6.375000000000000000e+01 4.000000000000000000e+00
1.342105263157894797e+02 1.207894736842105203e+02 6.710526315789473983e+01 4.000000000000000000e+00
1.402500000000000000e+02 1.275000000000000000e+02 6.375000000000000000e+01 4.000000000000000000e+00
1.360000000000000000e+02 1.275000000000000000e+02 6.800000000000000000e+01 4.000000000000000000e+00
1.342105263157894797e+02 1.342105263157894797e+02 6.710526315789473983e+01 4.000000000000000000e+00
1.530000000000000000e+02 1.530000000000000000e+02 1.020000000000000000e+02 4.000000000000000000e+00
1.318965517241379359e+02 1.231034482758620641e+02 6.155172413793103203e+01 4.000000000000000000e+00
1.373076923076923208e+02 1.373076923076923208e+02 5.884615384615384670e+01 4.000000000000000000e+00
1.360000000000000000e+02 1.360000000000000000e+02 6.800000000000000000e+01 4.000000000000000000e+00
1.330434782608695627e+02 1.330434782608695627e+02 6.652173913043478137e+01 4.000000000000000000e+00
1.416666666666666572e+02 1.416666666666666572e+02 5.666666666666666430e+01 4.000000000000000000e+00
1.325999999999999943e+02 1.325999999999999943e+02 6.120000000000000284e+01 4.000000000000000000e+00
1.390909090909090935e+02 1.159090909090909065e+02 6.954545454545454675e+01 4.000000000000000000e+00
1.360000000000000000e+02 1.360000000000000000e+02 6.800000000000000000e+01 4.000000000000000000e+00
1.416666666666666572e+02 1.416666666666666572e+02 5.666666666666666430e+01 4.000000000000000000e+00
1.322222222222222285e+02 1.227777777777777715e+02 6.611111111111111427e+01 4.000000000000000000e+00
1.457142857142857224e+02 1.457142857142857224e+02 7.285714285714286120e+01 4.000000000000000000e+00
1.275000000000000000e+02 1.275000000000000000e+02 6.375000000000000000e+01 4.000000000000000000e+00
1.200000000000000000e+02 1.200000000000000000e+02 6.000000000000000000e+01 4.000000000000000000e+00
1.275000000000000000e+02 1.275000000000000000e+02 6.375000000000000000e+01 4.000000000000000000e+00
1.275000000000000000e+02 1.275000000000000000e+02 6.375000000000000000e+01 4.000000000000000000e+00
1.316129032258064626e+02 1.316129032258064626e+02 6.580645161290323131e+01 4.000000000000000000e+00
1.275000000000000000e+02 1.275000000000000000e+02 7.083333333333332860e+01 4.000000000000000000e+00
1.275000000000000000e+02 1.275000000000000000e+02 6.375000000000000000e+01 4.000000000000000000e+00
1.313636363636363740e+02 1.236363636363636402e+02 6.181818181818182012e+01 4.000000000000000000e+00
1.092857142857142918e+02 1.457142857142857224e+02 7.285714285714286120e+01 4.000000000000000000e+00
1.275000000000000000e+02 1.275000000000000000e+02 6.375000000000000000e+01 4.000000000000000000e+00
1.200000000000000000e+02 1.350000000000000000e+02 6.000000000000000000e+01 4.000000000000000000e+00
1.275000000000000000e+02 1.275000000000000000e+02 5.795454545454545325e+01 4.000000000000000000e+00
1.275000000000000000e+02 1.275000000000000000e+02 5.464285714285714590e+01 4.000000000000000000e+00
1.275000000000000000e+02 1.275000000000000000e+02 6.375000000000000000e+01 4.000000000000000000e+00
1.275000000000000000e+02 1.275000000000000000e+02 5.950000000000000000e+01 4.000000000000000000e+00
1.275000000000000000e+02 1.275000000000000000e+02 5.950000000000000000e+01 4.000000000000000000e+00
1.176923076923076934e+02 1.176923076923076934e+02 5.884615384615384670e+01 4.000000000000000000e+00
1.325999999999999943e+02 1.325999999999999943e+02 6.120000000000000284e+01 4.000000000000000000e+00
1.275000000000000000e+02 1.275000000000000000e+02 0.000000000000000000e+00 4.000000000000000000e+00
1.236363636363636402e+02 1.236363636363636402e+02 6.181818181818182012e+01 4.000000000000000000e+00
1.214285714285714306e+02 1.214285714285714306e+02 6.071428571428571530e+01 4.000000000000000000e+00
1.275000000000000000e+02 1.195312500000000000e+02 6.375000000000000000e+01 4.000000000000000000e+00
1.360000000000000000e+02 1.360000000000000000e+02 6.800000000000000000e+01 4.000000000000000000e+00
1.275000000000000000e+02 1.275000000000000000e+02 5.100000000000000000e+01 4.000000000000000000e+00
1.275000000000000000e+02 1.275000000000000000e+02 6.375000000000000000e+01 4.000000000000000000e+00
1.190000000000000000e+02 1.190000000000000000e+02 6.800000000000000000e+01 4.000000000000000000e+00
1.219565217391304373e+02 1.330434782608695627e+02 6.652173913043478137e+01 4.000000000000000000e+00
1.275000000000000000e+02 1.912500000000000000e+02 6.375000000000000000e+01 4.000000000000000000e+00
1.236363636363636402e+02 1.236363636363636402e+02 6.181818181818182012e+01 4.000000000000000000e+00
1.275000000000000000e+02 1.275000000000000000e+02 6.375000000000000000e+01 4.000000000000000000e+00
1.236363636363636402e+02 1.236363636363636402e+02 6.181818181818182012e+01 4.000000000000000000e+00
1.159090909090909065e+02 1.390909090909090935e+02 4.636363636363636687e+01 4.000000000000000000e+00
1.200000000000000000e+02 1.050000000000000000e+02 6.000000000000000000e+01 4.000000000000000000e+00
1.236363636363636402e+02 1.236363636363636402e+02 6.181818181818182012e+01 4.000000000000000000e+00
1.231034482758620641e+02 1.318965517241379359e+02 6.155172413793103203e+01 4.000000000000000000e+00
1.275000000000000000e+02 1.275000000000000000e+02 6.375000000000000000e+01 4.000000000000000000e+00
1.275000000000000000e+02 1.275000000000000000e+02 6.375000000000000000e+01 4.000000000000000000e+00
1.200000000000000000e+02 1.200000000000000000e+02 6.000000000000000000e+01 4.000000000000000000e+00
1.275000000000000000e+02 1.275000000000000000e+02 5.666666666666666430e+01 4.000000000000000000e+00
1.236363636363636402e+02 1.313636363636363740e+02 6.181818181818182012e+01 4.000000000000000000e+00
1.275000000000000000e+02 1.275000000000000000e+02 6.375000000000000000e+01 4.000000000000000000e+00
1.200000000000000000e+02 1.275000000000000000e+02 6.000000000000000000e+01 4.000000000000000000e+00
1.416666666666666572e+02 1.416666666666666572e+02 5.666666666666666430e+01 4.000000000000000000e+00
1.275000000000000000e+02 1.275000000000000000e+02 5.950000000000000000e+01 4.000000000000000000e+00
1.275000000000000000e+02 1.275000000000000000e+02 6.375000000000000000e+01 4.000000000000000000e+00
1.275000000000000000e+02 1.275000000000000000e+02 6.000000000000000000e+01 4.000000000000000000e+00
1.275000000000000000e+02 1.275000000000000000e+02 5.795454545454545325e+01 4.000000000000000000e+00
1.233870967741935516e+02 1.233870967741935516e+02 5.758064516129032029e+01 4.000000000000000000e+00
1.275000000000000000e+02 1.275000000000000000e+02 6.375000000000000000e+01 4.000000000000000000e+00
1.275000000000000000e+02 1.275000000000000000e+02 5.464285714285714590e+01 4.000000000000000000e+00
1.195312500000000000e+02 1.195312500000000000e+02 6.375000000000000000e+01 4.000000000000000000e+00
1.236363636363636402e+02 1.236363636363636402e+02 6.181818181818182012e+01 4.000000000000000000e+00
1.275000000000000000e+02 1.275000000000000000e+02 0.000000000000000000e+00 4.000000000000000000e+00
1.275000000000000000e+02 1.275000000000000000e+02 6.000000000000000000e+01 4.000000000000000000e+00
1.275000000000000000e+02 1.275000000000000000e+02 5.100000000000000000e+01 4.000000000000000000e+00
1.200000000000000000e+02 1.275000000000000000e+02 6.000000000000000000e+01 4.000000000000000000e+00
1.233870967741935516e+02 1.233870967741935516e+02 5.758064516129032029e+01 4.000000000000000000e+00
1.190000000000000000e+02 1.360000000000000000e+02 5.100000000000000000e+01 4.000000000000000000e+00
1.133333333333333286e+02 9.916666666666667140e+01 5.666666666666666430e+01 4.000000000000000000e+00
1.200000000000000000e+02 1.275000000000000000e+02 6.000000000000000000e+01 4.000000000000000000e+00
1.200000000000000000e+02 1.275000000000000000e+02 6.000000000000000000e+01 4.000000000000000000e+00
1.275000000000000000e+02 1.275000000000000000e+02 5.666666666666666430e+01 4.000000000000000000e+00
1.236363636363636402e+02 1.313636363636363740e+02 6.181818181818182012e+01 4.000000000000000000e+00
1.275000000000000000e+02 1.275000000000000000e+02 0.000000000000000000e+00 4.000000000000000000e+00
1.530000000000000000e+02 1.530000000000000000e+02 5.100000000000000000e+01 4.000000000000000000e+00
1.275000000000000000e+02 1.275000000000000000e+02 6.375000000000000000e+01 4.000000000000000000e+00
1.275000000000000000e+02 1.275000000000000000e+02 6.375000000000000000e+01 4.000000000000000000e+00
1.236363636363636402e+02 1.313636363636363740e+02 6.181818181818182012e+01 4.000000000000000000e+00
1.275000000000000000e+02 1.275000000000000000e+02 6.375000000000000000e+01 4.000000000000000000e+00
1.275000000000000000e+02 1.275000000000000000e+02 6.375000000000000000e+01 4.000000000000000000e+00
1.275000000000000000e+02 1.275000000000000000e+02 5.795454545454545325e+01 4.000000000000000000e+00
1.275000000000000000e+02 1.275000000000000000e+02 6.000000000000000000e+01 4.000000000000000000e+00
1.200000000000000000e+02 1.275000000000000000e+02 6.000000000000000000e+01 4.000000000000000000e+00
1.236363636363636402e+02 1.313636363636363740e+02 6.181818181818182012e+01 4.000000000000000000e+00
