162.27 115.91 162.27
162.27 115.91 162.27
162.27 115.91 162.27
162.27 115.91 162.27
162.27 115.91 162.27
162.27 115.91 162.27
162.27 115.91 162.27
162.27 115.91 162.27
162.27 115.91 162.27
162.27 115.91 162.27
162.27 115.91 162.27
162.27 115.91 162.27
162.27 115.91 162.27
162.27 115.91 162.27
162.27 115.91 162.27
162.27 115.91 162.27
182.14 145.71 218.57
182.14 145.71 218.57
182.14 145.71 218.57
182.14 145.71 218.57
182.14 145.71 218.57
182.14 145.71 218.57
182.14 145.71 218.57
182.14 145.71 218.57
182.14 145.71 218.57
182.14 145.71 218.57
182.14 145.71 218.57
182.14 145.71 218.57
182.14 145.71 218.57
182.14 145.71 218.57
182.14 145.71 218.57
182.14 145.71 218.57
182.14 145.71 218.57
153.00 153.00 204.00
153.00 153.00 204.00
153.00 153.00 204.00
153.00 153.00 204.00
153.00 153.00 204.00
153.00 153.00 204.00
153.00 153.00 204.00
153.00 153.00 204.00
153.00 153.00 204.00
153.00 153.00 204.00
153.00 153.00 204.00
153.00 153.00 204.00
153.00 153.00 204.00
153.00 153.00 204.00
153.00 153.00 204.00
127.50 255.00 127.50
127.50 255.00 127.50
127.50 255.00 127.50
127.50 255.00 127.50
127.50 255.00 127.50
127.50 255.00 127.50
127.50 255.00 127.50
127.50 255.00 127.50
127.50 255.00 127.50
127.50 255.00 127.50
127.50 255.00 127.50
127.50 255.00 127.50
127.50 255.00 127.50
127.50 255.00 127.50
127.50 255.00 127.50
127.50 255.00 127.50
170.00 170.00 85.00
170.00 170.00 85.00
170.00 170.00 85.00
170.00 170.00 85.00
170.00 170.00 85.00
170.00 170.00 85.00
170.00 170.00 85.00
170.00 170.00 85.00
170.00 170.00 85.00
170.00 170.00 85.00
170.00 170.00 85.00
170.00 170.00 85.00
170.00 170.00 85.00
170.00 170.00 85.00
191.25 127.50 63.75
191.25 127.50 63.75
191.25 127.50 63.75
191.25 127.50 63.75
191.25 127.50 63.75
191.25 127.50 63.75
191.25 127.50 63.75
191.25 127.50 63.75
191.25 127.50 63.75
191.25 127.50 63.75
191.25 127.50 63.75
191.25 127.50 63.75
191.25 127.50 63.75
191.25 127.50 63.75
191.25 127.50 63.75
191.25 127.50 63.75
153.00 153.00 102.00
153.00 153.00 102.00
153.00 153.00 102.00
153.00 153.00 102.00
153.00 153.00 102.00
153.00 153.00 102.00
153.00 153.00 102.00
153.00 153.00 102.00
153.00 153.00 102.00
153.00 153.00 102.00
153.00 153.00 102.00
153.00 153.00 102.00
153.00 153.00 102.00
153.00 153.00 102.00
153.00 153.00 102.00
153.00 153.00 102.00
170.00 127.50 85.00
170.00 127.50 85.00
170.00 127.50 85.00
170.00 127.50 85.00
170.00 127.50 85.00
170.00 127.50 85.00
170.00 127.50 85.00
170.00 127.50 85.00
170.00 127.50 85.00
170.00 127.50 85.00
170.00 127.50 85.00
170.00 127.50 85.00
170.00 127.50 85.00
170.00 127.50 85.00
170.00 127.50 85.00
170.00 127.50 85.00
170.00 127.50 85.00
170.00 127.50 85.00
170.00 127.50 85.00
170.00 127.50 85.00
170.00 127.50 85.00
170.00 127.50 85.00
170.00 127.50 85.00
170.00 127.50 85.00
170.00 127.50 85.00
170.00 127.50 85.00
170.00 127.50 85.00
170.00 127.50 85.00
170.00 127.50 85.00
170.00 127.50 85.00
170.00 127.50 85.00
170.00 127.50 85.00
170.00 127.50 85.00
170.00 127.50 85.00
170.00 127.50 85.00
170.00 127.50 85.00
170.00 127.50 85.00
170.00 127.50 85.00
170.00 127.50 85.00
170.00 127.50 85.00
153.00 102.00 51.00
153.00 102.00 51.00
153.00 102.00 51.00
153.00 102.00 51.00
153.00 102.00 51.00
153.00 102.00 51.00
153.00 102.00 51.00
153.00 102.00 51.00
153.00 102.00 51.00
153.00 102.00 51.00
153.00 102.00 51.00
153.00 102.00 51.00
153.00 102.00 51.00
153.00 102.00 51.00
153.00 102.00 51.00
153.00 102.00 51.00
191.25 127.50 63.75
191.25 127.50 63.75
191.25 127.50 63.75
191.25 127.50 63.75
191.25 127.50 63.75
191.25 127.50 63.75
191.25 127.50 63.75
191.25 127.50 63.75
191.25 127.50 63.75
191.25 127.50 63.75
191.25 127.50 63.75
191.25 127.50 63.75
191.25 127.50 63.75
191.25 127.50 63.75
191.25 127.50 63.75
191.25 127.50 63.75
170.00 170.00 85.00
170.00 170.00 85.00
170.00 170.00 85.00
170.00 170.00 85.00
170.00 170.00 85.00
170.00 170.00 85.00
170.00 170.00 85.00
170.00 170.00 85.00
170.00 170.00 85.00
170.00 170.00 85.00
170.00 170.00 85.00
170.00 170.00 85.00
170.00 170.00 85.00
170.00 170.00 85.00
170.00 170.00 85.00
170.00 170.00 85.00
170.00 170.00 85.00
170.00 170.00 85.00
170.00 170.00 85.00
170.00 170.00 85.00
170.00 170.00 85.00
170.00 170.00 85.00
170.00 170.00 85.00
170.00 170.00 85.00
170.00 170.00 85.00
170.00 170.00 85.00
170.00 170.00 85.00
170.00 170.00 85.00
170.00 170.00 85.00
170.00 170.00 85.00
170.00 170.00 85.00
170.00 170.00 85.00
170.00 170.00 85.00
170.00 170.00 85.00
170.00 170.00 85.00
170.00 170.00 85.00
170.00 170.00 85.00
170.00 170.00 85.00
170.00 170.00 85.00
170.00 170.00 85.00
170.00 170.00 85.00
170.00 170.00 85.00
170.00 170.00 85.00
170.00 170.00 85.00
170.00 170.00 85.00
170.00 170.00 85.00
170.00 170.00 85.00
127.50 191.25 63.75
127.50 191.25 63.75
127.50 191.25 63.75
127.50 191.25 63.75
127.50 191.25 63.75
127.50 191.25 63.75
127.50 191.25 63.75
127.50 191.25 63.75
127.50 191.25 63.75
127.50 191.25 63.75
127.50 191.25 63.75
127.50 191.25 63.75
127.50 191.25 63.75
127.50 191.25 63.75
127.50 191.25 63.75
127.50 191.25 63.75
170.00 170.00 85.00
170.00 170.00 85.00
170.00 170.00 85.00
170.00 170.00 85.00
170.00 170.00 85.00
170.00 170.00 85.00
170.00 170.00 85.00
170.00 170.00 85.00
170.00 170.00 85.00
170.00 170.00 85.00
170.00 170.00 85.00
170.00 170.00 85.00
170.00 170.00 85.00
170.00 170.00 85.00
170.00 170.00 85.00
170.00 170.00 85.00
178.50 127.50 102.00
178.50 127.50 102.00
178.50 127.50 102.00
178.50 127.50 102.00
178.50 127.50 102.00
178.50 127.50 102.00
178.50 127.50 102.00
178.50 127.50 102.00
178.50 127.50 102.00
178.50 127.50 102.00
178.50 127.50 102.00
178.50 127.50 102.00
178.50 127.50 102.00
178.50 127.50 102.00
178.50 127.50 102.00
178.50 127.50 102.00
159.38 127.50 95.62
159.38 127.50 95.62
159.38 127.50 95.62
159.38 127.50 95.62
159.38 127.50 95.62
159.38 127.50 95.62
159.38 127.50 95.62
159.38 127.50 95.62
159.38 127.50 95.62
159.38 127.50 95.62
159.38 127.50 95.62
159.38 127.50 95.62
159.38 127.50 95.62
159.38 127.50 95.62
159.38 127.50 95.62
159.38 127.50 95.62
170.00 170.00 85.00
170.00 170.00 85.00
170.00 170.00 85.00
170.00 170.00 85.00
170.00 170.00 85.00
170.00 170.00 85.00
170.00 170.00 85.00
170.00 170.00 85.00
170.00 170.00 85.00
170.00 170.00 85.00
170.00 170.00 85.00
170.00 170.00 85.00
170.00 170.00 85.00
170.00 170.00 85.00
170.00 170.00 85.00
170.00 170.00 85.00
127.50 191.25 63.75
127.50 191.25 63.75
127.50 191.25 63.75
127.50 191.25 63.75
127.50 191.25 63.75
127.50 191.25 63.75
127.50 191.25 63.75
127.50 191.25 63.75
127.50 191.25 63.75
127.50 191.25 63.75
127.50 191.25 63.75
127.50 191.25 63.75
127.50 191.25 63.75
127.50 191.25 63.75
127.50 191.25 63.75
127.50 255.00 127.50
127.50 255.00 127.50
127.50 255.00 127.50
127.50 255.00 127.50
127.50 255.00 127.50
127.50 255.00 127.50
127.50 255.00 127.50
127.50 255.00 127.50
127.50 255.00 127.50
127.50 255.00 127.50
127.50 255.00 127.50
127.50 255.00 127.50
127.50 255.00 127.50
127.50 255.00 127.50
127.50 255.00 127.50
85.00 170.00 85.00
85.00 170.00 85.00
85.00 170.00 85.00
85.00 170.00 85.00
85.00 170.00 85.00
85.00 170.00 85.00
85.00 170.00 85.00
85.00 170.00 85.00
85.00 170.00 85.00
85.00 170.00 85.00
85.00 170.00 85.00
85.00 170.00 85.00
85.00 170.00 85.00
85.00 170.00 85.00
85.00 170.00 85.00
85.00 170.00 85.00
191.25 127.50 63.75
191.25 127.50 63.75
191.25 127.50 63.75
191.25 127.50 63.75
191.25 127.50 63.75
191.25 127.50 63.75
191.25 127.50 63.75
191.25 127.50 63.75
191.25 127.50 63.75
191.25 127.50 63.75
191.25 127.50 63.75
191.25 127.50 63.75
191.25 127.50 63.75
191.25 127.50 63.75
191.25 127.50 63.75
191.25 127.50 63.75
191.25 127.50 63.75
170.00 127.50 85.00
170.00 127.50 85.00
170.00 127.50 85.00
170.00 127.50 85.00
170.00 127.50 85.00
170.00 127.50 85.00
170.00 127.50 85.00
170.00 127.50 85.00
170.00 127.50 85.00
170.00 127.50 85.00
170.00 127.50 85.00
170.00 127.50 85.00
170.00 127.50 85.00
170.00 127.50 85.00
170.00 127.50 85.00
170.00 127.50 85.00
170.00 127.50 85.00
170.00 127.50 85.00
170.00 127.50 85.00
170.00 127.50 85.00
170.00 127.50 85.00
170.00 127.50 85.00
170.00 127.50 85.00
170.00 127.50 85.00
170.00 127.50 85.00
170.00 127.50 85.00
170.00 127.50 85.00
170.00 127.50 85.00
170.00 127.50 85.00
170.00 127.50 85.00
170.00 85.00 85.00
170.00 85.00 85.00
170.00 85.00 85.00
170.00 85.00 85.00
170.00 85.00 85.00
170.00 85.00 85.00
170.00 85.00 85.00
170.00 85.00 85.00
170.00 85.00 85.00
170.00 85.00 85.00
170.00 85.00 85.00
170.00 85.00 85.00
170.00 85.00 85.00
170.00 85.00 85.00
170.00 85.00 85.00
170.00 85.00 85.00
153.00 102.00 51.00
153.00 102.00 51.00
153.00 102.00 51.00
153.00 102.00 51.00
153.00 102.00 51.00
153.00 102.00 51.00
153.00 102.00 51.00
153.00 102.00 51.00
153.00 102.00 51.00
153.00 102.00 51.00
153.00 102.00 51.00
153.00 102.00 51.00
153.00 102.00 51.00
153.00 102.00 51.00
153.00 102.00 51.00
153.00 102.00 51.00
153.00 102.00 51.00
127.50 127.50 63.75
127.50 127.50 63.75
127.50 127.50 63.75
127.50 127.50 63.75
127.50 127.50 63.75
127.50 127.50 63.75
127.50 127.50 63.75
127.50 127.50 63.75
127.50 127.50 63.75
127.50 127.50 63.75
127.50 127.50 63.75
127.50 127.50 63.75
127.50 127.50 63.75
127.50 127.50 63.75
127.50 127.50 63.75
127.50 255.00 127.50
127.50 255.00 127.50
127.50 255.00 127.50
127.50 255.00 127.50
127.50 255.00 127.50
127.50 255.00 127.50
127.50 255.00 127.50
127.50 255.00 127.50
127.50 255.00 127.50
127.50 255.00 127.50
127.50 255.00 127.50
127.50 255.00 127.50
127.50 255.00 127.50
127.50 255.00 127.50
170.00 170.00 85.00
170.00 170.00 85.00
170.00 170.00 85.00
170.00 170.00 85.00
170.00 170.00 85.00
170.00 170.00 85.00
170.00 170.00 85.00
170.00 170.00 85.00
170.00 170.00 85.00
170.00 170.00 85.00
170.00 170.00 85.00
170.00 170.00 85.00
170.00 170.00 85.00
170.00 170.00 85.00
170.00 170.00 85.00
170.00 170.00 85.00
170.00 170.00 85.00
170.00 170.00 85.00
170.00 170.00 85.00
170.00 170.00 85.00
170.00 170.00 85.00
170.00 170.00 85.00
170.00 170.00 85.00
170.00 170.00 85.00
170.00 170.00 85.00
170.00 170.00 85.00
170.00 170.00 85.00
170.00 170.00 85.00
170.00 170.00 85.00
170.00 170.00 85.00
170.00 170.00 85.00
170.00 170.00 85.00
170.00 170.00 85.00
170.00 141.67 85.00
170.00 141.67 85.00
170.00 141.67 85.00
170.00 141.67 85.00
170.00 141.67 85.00
170.00 141.67 85.00
170.00 141.67 85.00
170.00 141.67 85.00
170.00 141.67 85.00
170.00 141.67 85.00
170.00 141.67 85.00
170.00 141.67 85.00
170.00 141.67 85.00
170.00 141.67 85.00
145.71 145.71 109.29
145.71 145.71 109.29
145.71 145.71 109.29
145.71 145.71 109.29
145.71 145.71 109.29
145.71 145.71 109.29
145.71 145.71 109.29
145.71 145.71 109.29
145.71 145.71 109.29
145.71 145.71 109.29
145.71 145.71 109.29
145.71 145.71 109.29
145.71 145.71 109.29
145.71 145.71 109.29
145.71 145.71 109.29
145.71 145.71 109.29
153.00 153.00 102.00
153.00 153.00 102.00
153.00 153.00 102.00
153.00 153.00 102.00
153.00 153.00 102.00
153.00 153.00 102.00
153.00 153.00 102.00
153.00 153.00 102.00
153.00 153.00 102.00
153.00 153.00 102.00
153.00 153.00 102.00
153.00 153.00 102.00
153.00 153.00 102.00
153.00 153.00 102.00
153.00 153.00 102.00
153.00 153.00 102.00
191.25 191.25 127.50
191.25 191.25 127.50
191.25 191.25 127.50
191.25 191.25 127.50
191.25 191.25 127.50
191.25 191.25 127.50
191.25 191.25 127.50
191.25 191.25 127.50
191.25 191.25 127.50
191.25 191.25 127.50
191.25 191.25 127.50
191.25 191.25 127.50
191.25 191.25 127.50
191.25 191.25 127.50
191.25 191.25 127.50
191.25 191.25 127.50
127.50 127.50 63.75
127.50 127.50 63.75
127.50 127.50 63.75
127.50 127.50 63.75
127.50 127.50 63.75
127.50 127.50 63.75
127.50 127.50 63.75
127.50 127.50 63.75
127.50 127.50 63.75
127.50 127.50 63.75
127.50 127.50 63.75
127.50 127.50 63.75
127.50 127.50 63.75
127.50 127.50 63.75
127.50 127.50 63.75
127.50 127.50 63.75
170.00 170.00 85.00
170.00 170.00 85.00
170.00 170.00 85.00
170.00 170.00 85.00
170.00 170.00 85.00
170.00 170.00 85.00
170.00 170.00 85.00
170.00 170.00 85.00
170.00 170.00 85.00
170.00 170.00 85.00
170.00 170.00 85.00
170.00 170.00 85.00
170.00 170.00 85.00
170.00 170.00 85.00
170.00 170.00 85.00
170.00 170.00 85.00
127.50 255.00 127.50
127.50 255.00 127.50
127.50 255.00 127.50
127.50 255.00 127.50
127.50 255.00 127.50
127.50 255.00 127.50
127.50 255.00 127.50
127.50 255.00 127.50
127.50 255.00 127.50
127.50 255.00 127.50
127.50 255.00 127.50
127.50 255.00 127.50
127.50 255.00 127.50
127.50 255.00 127.50
127.50 255.00 127.50
127.50 255.00 127.50
170.00 170.00 85.00
170.00 170.00 85.00
170.00 170.00 85.00
170.00 170.00 85.00
170.00 170.00 85.00
170.00 170.00 85.00
170.00 170.00 85.00
170.00 170.00 85.00
170.00 170.00 85.00
170.00 170.00 85.00
170.00 170.00 85.00
170.00 170.00 85.00
170.00 170.00 85.00
170.00 170.00 85.00
170.00 170.00 85.00
182.14 145.71 109.29
182.14 145.71 109.29
182.14 145.71 109.29
182.14 145.71 109.29
182.14 145.71 109.29
182.14 145.71 109.29
182.14 145.71 109.29
182.14 145.71 109.29
182.14 145.71 109.29
182.14 145.71 109.29
182.14 145.71 109.29
182.14 145.71 109.29
182.14 145.71 109.29
182.14 145.71 109.29
182.14 145.71 109.29
182.14 145.71 109.29
153.00 127.50 102.00
153.00 127.50 102.00
153.00 127.50 102.00
153.00 127.50 102.00
153.00 127.50 102.00
153.00 127.50 102.00
153.00 127.50 102.00
153.00 127.50 102.00
153.00 127.50 102.00
153.00 127.50 102.00
153.00 127.50 102.00
153.00 127.50 102.00
153.00 127.50 102.00
153.00 127.50 102.00
153.00 127.50 102.00
153.00 127.50 102.00
159.38 127.50 95.62
159.38 127.50 95.62
159.38 127.50 95.62
159.38 127.50 95.62
159.38 127.50 95.62
159.38 127.50 95.62
159.38 127.50 95.62
159.38 127.50 95.62
159.38 127.50 95.62
159.38 127.50 95.62
159.38 127.50 95.62
159.38 127.50 95.62
159.38 127.50 95.62
159.38 127.50 95.62
159.38 127.50 95.62
159.38 127.50 95.62
159.38 127.50 95.62
153.00 153.00 102.00
153.00 153.00 102.00
153.00 153.00 102.00
153.00 153.00 102.00
153.00 153.00 102.00
153.00 153.00 102.00
153.00 153.00 102.00
153.00 153.00 102.00
153.00 153.00 102.00
153.00 153.00 102.00
153.00 153.00 102.00
153.00 153.00 102.00
153.00 153.00 102.00
153.00 153.00 102.00
153.00 153.00 102.00
153.00 153.00 102.00
191.25 191.25 127.50
191.25 191.25 127.50
191.25 191.25 127.50
191.25 191.25 127.50
191.25 191.25 127.50
191.25 191.25 127.50
191.25 191.25 127.50
191.25 191.25 127.50
191.25 191.25 127.50
191.25 191.25 127.50
191.25 191.25 127.50
191.25 191.25 127.50
191.25 191.25 127.50
191.25 191.25 127.50
191.25 191.25 127.50
191.25 191.25 127.50
191.25 191.25 127.50
127.50 127.50 102.00
127.50 127.50 102.00
127.50 127.50 102.00
127.50 127.50 102.00
127.50 127.50 102.00
127.50 127.50 102.00
127.50 127.50 102.00
127.50 127.50 102.00
127.50 127.50 102.00
127.50 127.50 102.00
127.50 127.50 102.00
127.50 127.50 102.00
127.50 127.50 102.00
127.50 127.50 102.00
127.50 127.50 102.00
127.50 127.50 102.00
141.67 141.67 113.33
141.67 141.67 113.33
141.67 141.67 113.33
141.67 141.67 113.33
141.67 141.67 113.33
141.67 141.67 113.33
141.67 141.67 113.33
141.67 141.67 113.33
141.67 141.67 113.33
141.67 141.67 113.33
141.67 141.67 113.33
141.67 141.67 113.33
141.67 141.67 113.33
141.67 141.67 113.33
141.67 141.67 113.33
145.71 145.71 109.29
145.71 145.71 109.29
145.71 145.71 109.29
145.71 145.71 109.29
145.71 145.71 109.29
145.71 145.71 109.29
145.71 145.71 109.29
145.71 145.71 109.29
145.71 145.71 109.29
145.71 145.71 109.29
145.71 145.71 109.29
145.71 145.71 109.29
145.71 145.71 109.29
145.71 145.71 109.29
145.71 145.71 109.29
145.71 145.71 109.29
102.00 153.00 102.00
102.00 153.00 102.00
102.00 153.00 102.00
102.00 153.00 102.00
102.00 153.00 102.00
102.00 153.00 102.00
102.00 153.00 102.00
102.00 153.00 102.00
102.00 153.00 102.00
102.00 153.00 102.00
102.00 153.00 102.00
102.00 153.00 102.00
102.00 153.00 102.00
102.00 153.00 102.00
102.00 153.00 102.00
102.00 153.00 102.00
127.50 191.25 127.50
127.50 191.25 127.50
127.50 191.25 127.50
127.50 191.25 127.50
127.50 191.25 127.50
127.50 191.25 127.50
127.50 191.25 127.50
127.50 191.25 127.50
127.50 191.25 127.50
127.50 191.25 127.50
127.50 191.25 127.50
127.50 191.25 127.50
127.50 191.25 127.50
127.50 191.25 127.50
127.50 191.25 127.50
127.50 191.25 127.50
127.50 191.25 127.50
109.29 145.71 109.29
109.29 145.71 109.29
109.29 145.71 109.29
109.29 145.71 109.29
109.29 145.71 109.29
109.29 145.71 109.29
109.29 145.71 109.29
109.29 145.71 109.29
109.29 145.71 109.29
109.29 145.71 109.29
109.29 145.71 109.29
109.29 145.71 109.29
109.29 145.71 109.29
109.29 145.71 109.29
109.29 145.71 109.29
109.29 145.71 109.29
127.50 127.50 102.00
127.50 127.50 102.00
127.50 127.50 102.00
127.50 127.50 102.00
127.50 127.50 102.00
127.50 127.50 102.00
127.50 127.50 102.00
127.50 127.50 102.00
127.50 127.50 102.00
127.50 127.50 102.00
127.50 127.50 102.00
127.50 127.50 102.00
127.50 127.50 102.00
127.50 127.50 102.00
127.50 127.50 102.00
127.50 127.50 102.00
127.50 127.50 102.00
127.50 127.50 102.00
127.50 127.50 102.00
127.50 127.50 102.00
127.50 127.50 102.00
127.50 127.50 102.00
127.50 127.50 102.00
127.50 127.50 102.00
127.50 127.50 102.00
127.50 127.50 102.00
127.50 127.50 102.00
127.50 127.50 102.00
127.50 127.50 102.00
127.50 127.50 102.00
127.50 127.50 102.00
127.50 127.50 102.00
127.50 127.50 102.00
102.00 153.00 102.00
102.00 153.00 102.00
102.00 153.00 102.00
102.00 153.00 102.00
102.00 153.00 102.00
102.00 153.00 102.00
102.00 153.00 102.00
102.00 153.00 102.00
102.00 153.00 102.00
102.00 153.00 102.00
102.00 153.00 102.00
102.00 153.00 102.00
102.00 153.00 102.00
102.00 153.00 102.00
102.00 153.00 102.00
170.00 170.00 85.00
170.00 170.00 85.00
170.00 170.00 85.00
170.00 170.00 85.00
170.00 170.00 85.00
170.00 170.00 85.00
170.00 170.00 85.00
170.00 170.00 85.00
170.00 170.00 85.00
170.00 170.00 85.00
170.00 170.00 85.00
170.00 170.00 85.00
170.00 170.00 85.00
170.00 170.00 85.00
127.50 255.00 127.50
127.50 255.00 127.50
127.50 255.00 127.50
127.50 255.00 127.50
127.50 255.00 127.50
127.50 255.00 127.50
127.50 255.00 127.50
127.50 255.00 127.50
127.50 255.00 127.50
127.50 255.00 127.50
127.50 255.00 127.50
127.50 255.00 127.50
127.50 255.00 127.50
127.50 255.00 127.50
127.50 255.00 127.50
127.50 255.00 127.50
170.00 170.00 85.00
170.00 170.00 85.00
170.00 170.00 85.00
170.00 170.00 85.00
170.00 170.00 85.00
170.00 170.00 85.00
170.00 170.00 85.00
170.00 170.00 85.00
170.00 170.00 85.00
170.00 170.00 85.00
170.00 170.00 85.00
170.00 170.00 85.00
170.00 170.00 85.00
170.00 170.00 85.00
170.00 170.00 85.00
170.00 170.00 85.00
127.50 170.00 85.00
127.50 170.00 85.00
127.50 170.00 85.00
127.50 170.00 85.00
127.50 170.00 85.00
127.50 170.00 85.00
127.50 170.00 85.00
127.50 170.00 85.00
127.50 170.00 85.00
127.50 170.00 85.00
127.50 170.00 85.00
127.50 170.00 85.00
127.50 170.00 85.00
127.50 170.00 85.00
127.50 170.00 85.00
127.50 170.00 85.00
127.50 170.00 85.00
127.50 127.50 85.00
127.50 127.50 85.00
127.50 127.50 85.00
127.50 127.50 85.00
127.50 127.50 85.00
127.50 127.50 85.00
127.50 127.50 85.00
127.50 127.50 85.00
127.50 127.50 85.00
127.50 127.50 85.00
127.50 127.50 85.00
127.50 127.50 85.00
127.50 127.50 85.00
127.50 127.50 85.00
127.50 127.50 85.00
127.50 127.50 85.00
137.31 137.31 98.08
137.31 137.31 98.08
137.31 137.31 98.08
137.31 137.31 98.08
137.31 137.31 98.08
137.31 137.31 98.08
137.31 137.31 98.08
137.31 137.31 98.08
137.31 137.31 98.08
137.31 137.31 98.08
137.31 137.31 98.08
137.31 137.31 98.08
137.31 137.31 98.08
137.31 137.31 98.08
137.31 137.31 98.08
137.31 137.31 98.08
127.50 148.75 85.00
127.50 148.75 85.00
127.50 148.75 85.00
127.50 148.75 85.00
127.50 148.75 85.00
127.50 148.75 85.00
127.50 148.75 85.00
127.50 148.75 85.00
127.50 148.75 85.00
127.50 148.75 85.00
127.50 148.75 85.00
127.50 148.75 85.00
127.50 148.75 85.00
127.50 148.75 85.00
127.50 148.75 85.00
127.50 148.75 85.00
127.50 148.75 85.00
127.50 127.50 76.50
127.50 127.50 76.50
127.50 127.50 76.50
127.50 127.50 76.50
127.50 127.50 76.50
127.50 127.50 76.50
127.50 127.50 76.50
127.50 127.50 76.50
127.50 127.50 76.50
127.50 127.50 76.50
127.50 127.50 76.50
127.50 127.50 76.50
127.50 127.50 76.50
127.50 127.50 76.50
127.50 127.50 76.50
127.50 127.50 76.50
153.00 153.00 102.00
153.00 153.00 102.00
153.00 153.00 102.00
153.00 153.00 102.00
153.00 153.00 102.00
153.00 153.00 102.00
153.00 153.00 102.00
153.00 153.00 102.00
153.00 153.00 102.00
153.00 153.00 102.00
153.00 153.00 102.00
153.00 153.00 102.00
153.00 153.00 102.00
153.00 153.00 102.00
153.00 153.00 102.00
153.00 153.00 102.00
153.00 153.00 102.00
153.00 153.00 102.00
153.00 153.00 102.00
153.00 153.00 102.00
153.00 153.00 102.00
153.00 153.00 102.00
153.00 153.00 102.00
153.00 153.00 102.00
127.50 127.50 63.75
127.50 127.50 63.75
127.50 127.50 63.75
127.50 127.50 63.75
127.50 127.50 63.75
127.50 127.50 63.75
127.50 127.50 63.75
127.50 127.50 63.75
127.50 127.50 63.75
127.50 127.50 63.75
127.50 127.50 63.75
127.50 127.50 63.75
127.50 127.50 63.75
127.50 127.50 63.75
127.50 127.50 63.75
127.50 127.50 63.75
191.25 127.50 127.50
191.25 127.50 127.50
191.25 127.50 127.50
191.25 127.50 127.50
191.25 127.50 127.50
191.25 127.50 127.50
191.25 127.50 127.50
191.25 127.50 127.50
191.25 127.50 127.50
191.25 127.50 127.50
191.25 127.50 127.50
191.25 127.50 127.50
191.25 127.50 127.50
191.25 127.50 127.50
191.25 127.50 127.50
191.25 127.50 127.50
170.00 127.50 85.00
170.00 127.50 85.00
170.00 127.50 85.00
170.00 127.50 85.00
170.00 127.50 85.00
170.00 127.50 85.00
170.00 127.50 85.00
170.00 127.50 85.00
170.00 127.50 85.00
170.00 127.50 85.00
170.00 127.50 85.00
170.00 127.50 85.00
170.00 127.50 85.00
170.00 127.50 85.00
170.00 127.50 85.00
170.00 127.50 85.00
153.00 153.00 102.00
153.00 153.00 102.00
153.00 153.00 102.00
153.00 153.00 102.00
153.00 153.00 102.00
153.00 153.00 102.00
153.00 153.00 102.00
153.00 153.00 102.00
153.00 153.00 102.00
153.00 153.00 102.00
153.00 153.00 102.00
153.00 153.00 102.00
153.00 153.00 102.00
153.00 153.00 102.00
153.00 153.00 102.00
153.00 153.00 102.00
153.00 153.00 102.00
153.00 102.00 51.00
153.00 102.00 51.00
153.00 102.00 51.00
153.00 102.00 51.00
153.00 102.00 51.00
153.00 102.00 51.00
153.00 102.00 51.00
153.00 102.00 51.00
153.00 102.00 51.00
153.00 102.00 51.00
153.00 102.00 51.00
153.00 102.00 51.00
153.00 102.00 51.00
153.00 102.00 51.00
153.00 102.00 51.00
153.00 102.00 51.00
127.50 127.50 63.75
127.50 127.50 63.75
127.50 127.50 63.75
127.50 127.50 63.75
127.50 127.50 63.75
127.50 127.50 63.75
127.50 127.50 63.75
127.50 127.50 63.75
127.50 127.50 63.75
127.50 127.50 63.75
127.50 127.50 63.75
127.50 127.50 63.75
127.50 127.50 63.75
127.50 127.50 63.75
127.50 191.25 63.75
127.50 191.25 63.75
127.50 191.25 63.75
127.50 191.25 63.75
127.50 191.25 63.75
127.50 191.25 63.75
127.50 191.25 63.75
127.50 191.25 63.75
127.50 191.25 63.75
127.50 191.25 63.75
127.50 191.25 63.75
127.50 191.25 63.75
127.50 191.25 63.75
127.50 191.25 63.75
127.50 191.25 63.75
127.50 191.25 63.75
109.29 145.71 109.29
109.29 145.71 109.29
109.29 145.71 109.29
109.29 145.71 109.29
109.29 145.71 109.29
109.29 145.71 109.29
109.29 145.71 109.29
109.29 145.71 109.29
109.29 145.71 109.29
109.29 145.71 109.29
109.29 145.71 109.29
109.29 145.71 109.29
109.29 145.71 109.29
109.29 145.71 109.29
109.29 145.71 109.29
109.29 145.71 109.29
109.29 145.71 109.29
141.67 141.67 113.33
141.67 141.67 113.33
141.67 141.67 113.33
141.67 141.67 113.33
141.67 141.67 113.33
141.67 141.67 113.33
141.67 141.67 113.33
141.67 141.67 113.33
141.67 141.67 113.33
141.67 141.67 113.33
141.67 141.67 113.33
141.67 141.67 113.33
141.67 141.67 113.33
141.67 141.67 113.33
141.67 141.67 113.33
141.67 141.67 113.33
127.50 127.50 102.00
127.50 127.50 102.00
127.50 127.50 102.00
127.50 127.50 102.00
127.50 127.50 102.00
127.50 127.50 102.00
127.50 127.50 102.00
127.50 127.50 102.00
127.50 127.50 102.00
127.50 127.50 102.00
127.50 127.50 102.00
127.50 127.50 102.00
127.50 127.50 102.00
127.50 127.50 102.00
127.50 127.50 102.00
127.50 127.50 102.00
127.50 159.38 95.62
127.50 159.38 95.62
127.50 159.38 95.62
127.50 159.38 95.62
127.50 159.38 95.62
127.50 159.38 95.62
127.50 159.38 95.62
127.50 159.38 95.62
127.50 159.38 95.62
127.50 159.38 95.62
127.50 159.38 95.62
127.50 159.38 95.62
127.50 159.38 95.62
127.50 159.38 95.62
127.50 159.38 95.62
127.50 159.38 95.62
127.50 159.38 95.62
153.00 204.00 102.00
153.00 204.00 102.00
153.00 204.00 102.00
153.00 204.00 102.00
153.00 204.00 102.00
153.00 204.00 102.00
153.00 204.00 102.00
153.00 204.00 102.00
153.00 204.00 102.00
153.00 204.00 102.00
153.00 204.00 102.00
153.00 204.00 102.00
153.00 204.00 102.00
153.00 204.00 102.00
153.00 204.00 102.00
153.00 204.00 102.00
127.50 255.00 127.50
127.50 255.00 127.50
127.50 255.00 127.50
127.50 255.00 127.50
127.50 255.00 127.50
127.50 255.00 127.50
127.50 255.00 127.50
127.50 255.00 127.50
127.50 255.00 127.50
127.50 255.00 127.50
127.50 255.00 127.50
127.50 255.00 127.50
127.50 255.00 127.50
127.50 255.00 127.50
127.50 255.00 127.50
127.50 255.00 127.50
127.50 127.50 127.50
127.50 127.50 127.50
127.50 127.50 127.50
127.50 127.50 127.50
127.50 127.50 127.50
127.50 127.50 127.50
127.50 127.50 127.50
127.50 127.50 127.50
127.50 127.50 127.50
127.50 127.50 127.50
127.50 127.50 127.50
127.50 127.50 127.50
127.50 127.50 127.50
127.50 127.50 127.50
127.50 127.50 127.50
127.50 127.50 127.50
191.25 127.50 63.75
191.25 127.50 63.75
191.25 127.50 63.75
191.25 127.50 63.75
191.25 127.50 63.75
191.25 127.50 63.75
191.25 127.50 63.75
191.25 127.50 63.75
191.25 127.50 63.75
191.25 127.50 63.75
191.25 127.50 63.75
191.25 127.50 63.75
191.25 127.50 63.75
191.25 127.50 63.75
191.25 127.50 63.75
191.25 127.50 63.75
170.00 127.50 85.00
170.00 127.50 85.00
170.00 127.50 85.00
170.00 127.50 85.00
170.00 127.50 85.00
170.00 127.50 85.00
170.00 127.50 85.00
170.00 127.50 85.00
170.00 127.50 85.00
170.00 127.50 85.00
170.00 127.50 85.00
170.00 127.50 85.00
170.00 127.50 85.00
170.00 127.50 85.00
170.00 127.50 85.00
170.00 127.50 85.00
170.00 127.50 85.00
170.00 127.50 85.00
170.00 127.50 85.00
170.00 127.50 85.00
170.00 127.50 85.00
170.00 127.50 85.00
170.00 127.50 85.00
170.00 127.50 85.00
170.00 127.50 85.00
170.00 127.50 85.00
170.00 127.50 85.00
170.00 127.50 85.00
170.00 127.50 85.00
170.00 127.50 85.00
170.00 127.50 85.00
170.00 127.50 85.00
170.00 127.50 85.00
170.00 127.50 85.00
170.00 127.50 85.00
170.00 127.50 85.00
170.00 127.50 85.00
170.00 127.50 85.00
170.00 127.50 85.00
170.00 127.50 85.00
170.00 127.50 85.00
170.00 127.50 85.00
170.00 127.50 85.00
170.00 127.50 85.00
170.00 127.50 85.00
170.00 127.50 85.00
170.00 127.50 85.00
170.00 127.50 85.00
170.00 127.50 85.00
153.00 102.00 68.00
153.00 102.00 68.00
153.00 102.00 68.00
153.00 102.00 68.00
153.00 102.00 68.00
153.00 102.00 68.00
153.00 102.00 68.00
153.00 102.00 68.00
153.00 102.00 68.00
153.00 102.00 68.00
153.00 102.00 68.00
153.00 102.00 68.00
153.00 102.00 68.00
153.00 102.00 68.00
153.00 102.00 68.00
145.71 145.71 72.86
145.71 145.71 72.86
145.71 145.71 72.86
145.71 145.71 72.86
145.71 145.71 72.86
145.71 145.71 72.86
145.71 145.71 72.86
145.71 145.71 72.86
145.71 145.71 72.86
145.71 145.71 72.86
145.71 145.71 72.86
145.71 145.71 72.86
145.71 145.71 72.86
145.71 145.71 72.86
145.71 145.71 72.86
145.71 145.71 72.86
145.71 145.71 72.86
102.00 153.00 102.00
102.00 153.00 102.00
102.00 153.00 102.00
102.00 153.00 102.00
102.00 153.00 102.00
102.00 153.00 102.00
102.00 153.00 102.00
102.00 153.00 102.00
102.00 153.00 102.00
102.00 153.00 102.00
102.00 153.00 102.00
102.00 153.00 102.00
102.00 153.00 102.00
102.00 153.00 102.00
102.00 153.00 102.00
102.00 153.00 102.00
153.00 153.00 102.00
153.00 153.00 102.00
153.00 153.00 102.00
153.00 153.00 102.00
153.00 153.00 102.00
153.00 153.00 102.00
153.00 153.00 102.00
153.00 153.00 102.00
153.00 153.00 102.00
153.00 153.00 102.00
153.00 153.00 102.00
153.00 153.00 102.00
153.00 153.00 102.00
153.00 153.00 102.00
153.00 153.00 102.00
153.00 153.00 102.00
153.00 153.00 102.00
141.67 113.33 85.00
141.67 113.33 85.00
141.67 113.33 85.00
141.67 113.33 85.00
141.67 113.33 85.00
141.67 113.33 85.00
141.67 113.33 85.00
141.67 113.33 85.00
141.67 113.33 85.00
141.67 113.33 85.00
141.67 113.33 85.00
141.67 113.33 85.00
141.67 113.33 85.00
141.67 113.33 85.00
141.67 113.33 85.00
141.67 113.33 85.00
159.38 127.50 95.62
159.38 127.50 95.62
159.38 127.50 95.62
159.38 127.50 95.62
159.38 127.50 95.62
159.38 127.50 95.62
159.38 127.50 95.62
159.38 127.50 95.62
159.38 127.50 95.62
159.38 127.50 95.62
159.38 127.50 95.62
159.38 127.50 95.62
159.38 127.50 95.62
159.38 127.50 95.62
159.38 127.50 95.62
159.38 127.50 95.62
159.38 127.50 95.62
170.00 127.50 85.00
170.00 127.50 85.00
170.00 127.50 85.00
170.00 127.50 85.00
170.00 127.50 85.00
170.00 127.50 85.00
170.00 127.50 85.00
170.00 127.50 85.00
170.00 127.50 85.00
170.00 127.50 85.00
170.00 127.50 85.00
170.00 127.50 85.00
170.00 127.50 85.00
170.00 127.50 85.00
170.00 127.50 85.00
170.00 127.50 85.00
127.50 170.00 85.00
127.50 170.00 85.00
127.50 170.00 85.00
127.50 170.00 85.00
127.50 170.00 85.00
127.50 170.00 85.00
127.50 170.00 85.00
127.50 170.00 85.00
127.50 170.00 85.00
127.50 170.00 85.00
127.50 170.00 85.00
127.50 170.00 85.00
127.50 170.00 85.00
127.50 170.00 85.00
127.50 170.00 85.00
127.50 170.00 85.00
129.59 75.25 66.89
129.59 75.25 66.89
129.59 75.25 66.89
129.59 75.25 66.89
129.59 75.25 66.89
129.59 75.25 66.89
129.59 75.25 66.89
129.59 75.25 66.89
129.59 75.25 66.89
129.59 75.25 66.89
129.59 75.25 66.89
129.59 75.25 66.89
129.59 75.25 66.89
129.59 75.25 66.89
129.59 75.25 66.89
129.59 75.25 66.89
127.50 127.50 95.62
127.50 127.50 95.62
127.50 127.50 95.62
127.50 127.50 95.62
127.50 127.50 95.62
127.50 127.50 95.62
127.50 127.50 95.62
127.50 127.50 95.62
127.50 127.50 95.62
127.50 127.50 95.62
127.50 127.50 95.62
127.50 127.50 95.62
127.50 127.50 95.62
127.50 170.00 85.00
127.50 170.00 85.00
127.50 170.00 85.00
127.50 170.00 85.00
127.50 170.00 85.00
127.50 170.00 85.00
127.50 170.00 85.00
127.50 170.00 85.00
127.50 170.00 85.00
127.50 170.00 85.00
127.50 170.00 85.00
127.50 170.00 85.00
127.50 170.00 85.00
127.50 170.00 85.00
127.50 170.00 85.00
127.50 170.00 85.00
85.00 170.00 85.00
85.00 170.00 85.00
85.00 170.00 85.00
85.00 170.00 85.00
85.00 170.00 85.00
85.00 170.00 85.00
85.00 170.00 85.00
85.00 170.00 85.00
85.00 170.00 85.00
85.00 170.00 85.00
85.00 170.00 85.00
85.00 170.00 85.00
85.00 170.00 85.00
85.00 170.00 85.00
85.00 170.00 85.00
85.00 170.00 85.00
127.50 127.50 127.50
127.50 127.50 127.50
127.50 127.50 127.50
127.50 127.50 127.50
127.50 127.50 127.50
127.50 127.50 127.50
127.50 127.50 127.50
127.50 127.50 127.50
127.50 127.50 127.50
127.50 127.50 127.50
127.50 127.50 127.50
127.50 127.50 127.50
127.50 127.50 127.50
127.50 127.50 127.50
127.50 127.50 127.50
127.50 127.50 127.50
127.50 127.50 127.50
170.00 170.00 85.00
170.00 170.00 85.00
170.00 170.00 85.00
170.00 170.00 85.00
170.00 170.00 85.00
170.00 170.00 85.00
170.00 170.00 85.00
170.00 170.00 85.00
170.00 170.00 85.00
170.00 170.00 85.00
170.00 170.00 85.00
170.00 170.00 85.00
170.00 170.00 85.00
170.00 170.00 85.00
170.00 170.00 85.00
170.00 170.00 85.00
182.14 109.29 72.86
182.14 109.29 72.86
182.14 109.29 72.86
182.14 109.29 72.86
182.14 109.29 72.86
182.14 109.29 72.86
182.14 109.29 72.86
182.14 109.29 72.86
182.14 109.29 72.86
182.14 109.29 72.86
182.14 109.29 72.86
182.14 109.29 72.86
182.14 109.29 72.86
182.14 109.29 72.86
182.14 109.29 72.86
182.14 109.29 72.86
153.00 153.00 102.00
153.00 153.00 102.00
153.00 153.00 102.00
153.00 153.00 102.00
153.00 153.00 102.00
153.00 153.00 102.00
153.00 153.00 102.00
153.00 153.00 102.00
153.00 153.00 102.00
153.00 153.00 102.00
153.00 153.00 102.00
153.00 153.00 102.00
153.00 153.00 102.00
153.00 153.00 102.00
153.00 153.00 102.00
153.00 153.00 102.00
153.00 153.00 102.00
153.00 153.00 102.00
153.00 153.00 102.00
153.00 153.00 102.00
153.00 153.00 102.00
153.00 153.00 102.00
153.00 153.00 102.00
153.00 153.00 102.00
153.00 153.00 102.00
153.00 153.00 102.00
153.00 153.00 102.00
153.00 153.00 102.00
153.00 153.00 102.00
153.00 153.00 102.00
153.00 153.00 102.00
153.00 153.00 102.00
153.00 153.00 102.00
145.71 145.71 72.86
145.71 145.71 72.86
145.71 145.71 72.86
145.71 145.71 72.86
145.71 145.71 72.86
145.71 145.71 72.86
145.71 145.71 72.86
145.71 145.71 72.86
145.71 145.71 72.86
145.71 145.71 72.86
145.71 145.71 72.86
145.71 145.71 72.86
145.71 145.71 72.86
145.71 145.71 72.86
145.71 145.71 72.86
145.71 145.71 72.86
133.57 78.93 72.86
131.07 83.41 76.26
131.07 83.41 76.26
131.07 83.41 76.26
131.07 83.41 76.26
131.07 83.41 76.26
131.07 83.41 76.26
131.07 83.41 76.26
131.07 83.41 76.26
131.07 83.41 76.26
131.07 83.41 76.26
131.07 83.41 76.26
131.07 83.41 76.26
131.07 83.41 76.26
131.07 83.41 76.26
131.07 83.41 76.26
131.07 83.41 76.26
131.07 83.41 76.26
130.61 93.29 74.63
130.61 93.29 74.63
130.61 93.29 74.63
130.61 93.29 74.63
130.61 93.29 74.63
130.61 93.29 74.63
130.61 93.29 74.63
130.61 93.29 74.63
130.61 93.29 74.63
130.61 93.29 74.63
130.61 93.29 74.63
130.61 93.29 74.63
130.61 93.29 74.63
130.61 93.29 74.63
130.61 93.29 74.63
130.61 93.29 74.63
255.00 255.00 0.00
255.00 255.00 0.00
255.00 255.00 0.00
255.00 255.00 0.00
255.00 255.00 0.00
255.00 255.00 0.00
255.00 255.00 0.00
255.00 255.00 0.00
255.00 255.00 0.00
255.00 255.00 0.00
255.00 255.00 0.00
255.00 255.00 0.00
255.00 255.00 0.00
255.00 255.00 0.00
255.00 255.00 0.00
255.00 255.00 0.00
127.50 127.50 63.75
127.50 127.50 63.75
127.50 127.50 63.75
127.50 127.50 63.75
127.50 127.50 63.75
127.50 127.50 63.75
127.50 127.50 63.75
127.50 127.50 63.75
127.50 127.50 63.75
127.50 127.50 63.75
127.50 127.50 63.75
127.50 127.50 63.75
127.50 127.50 63.75
127.50 127.50 63.75
127.50 127.50 63.75
127.50 127.50 63.75
182.14 109.29 72.86
170.00 113.33 85.00
170.00 113.33 85.00
170.00 113.33 85.00
170.00 113.33 85.00
170.00 113.33 85.00
170.00 113.33 85.00
170.00 113.33 85.00
170.00 113.33 85.00
170.00 113.33 85.00
170.00 113.33 85.00
170.00 113.33 85.00
170.00 113.33 85.00
170.00 113.33 85.00
170.00 113.33 85.00
170.00 113.33 85.00
170.00 113.33 85.00
182.14 109.29 72.86
182.14 109.29 72.86
182.14 109.29 72.86
182.14 109.29 72.86
182.14 109.29 72.86
182.14 109.29 72.86
182.14 109.29 72.86
182.14 109.29 72.86
182.14 109.29 72.86
182.14 109.29 72.86
182.14 109.29 72.86
182.14 109.29 72.86
182.14 109.29 72.86
182.14 109.29 72.86
182.14 109.29 72.86
182.14 109.29 72.86
170.00 170.00 85.00
170.00 170.00 85.00
170.00 170.00 85.00
170.00 170.00 85.00
170.00 170.00 85.00
170.00 170.00 85.00
170.00 170.00 85.00
170.00 170.00 85.00
170.00 170.00 85.00
170.00 170.00 85.00
170.00 170.00 85.00
170.00 170.00 85.00
85.00 170.00 85.00
85.00 170.00 85.00
85.00 170.00 85.00
85.00 170.00 85.00
85.00 170.00 85.00
85.00 170.00 85.00
85.00 170.00 85.00
85.00 170.00 85.00
85.00 170.00 85.00
85.00 170.00 85.00
85.00 170.00 85.00
85.00 170.00 85.00
85.00 170.00 85.00
85.00 170.00 85.00
85.00 170.00 85.00
85.00 170.00 85.00
131.36 85.00 74.70
132.22 85.00 75.56
132.22 85.00 75.56
132.22 85.00 75.56
132.22 85.00 75.56
132.22 85.00 75.56
132.22 85.00 75.56
132.22 85.00 75.56
132.22 85.00 75.56
132.22 85.00 75.56
132.22 85.00 75.56
132.22 85.00 75.56
132.22 85.00 75.56
132.22 85.00 75.56
132.22 85.00 75.56
132.22 85.00 75.56
132.22 85.00 75.56
127.50 91.07 72.86
127.50 91.07 72.86
127.50 91.07 72.86
127.50 91.07 72.86
127.50 91.07 72.86
127.50 91.07 72.86
127.50 91.07 72.86
127.50 91.07 72.86
127.50 91.07 72.86
127.50 91.07 72.86
127.50 91.07 72.86
127.50 91.07 72.86
127.50 91.07 72.86
127.50 91.07 72.86
127.50 91.07 72.86
127.50 91.07 72.86
170.00 170.00 85.00
170.00 170.00 85.00
170.00 170.00 85.00
170.00 170.00 85.00
170.00 170.00 85.00
170.00 170.00 85.00
170.00 170.00 85.00
170.00 170.00 85.00
170.00 170.00 85.00
170.00 170.00 85.00
170.00 170.00 85.00
127.50 81.96 81.96
127.50 81.96 81.96
127.50 81.96 81.96
127.50 81.96 81.96
127.50 81.96 81.96
127.50 81.96 81.96
127.50 81.96 81.96
127.50 81.96 81.96
127.50 81.96 81.96
127.50 81.96 81.96
127.50 81.96 81.96
127.50 81.96 81.96
127.50 81.96 81.96
127.50 81.96 81.96
127.50 81.96 81.96
127.50 81.96 81.96
170.00 127.50 85.00
170.00 127.50 85.00
170.00 127.50 85.00
170.00 127.50 85.00
170.00 127.50 85.00
170.00 127.50 85.00
170.00 127.50 85.00
170.00 127.50 85.00
170.00 127.50 85.00
170.00 127.50 85.00
170.00 127.50 85.00
170.00 127.50 85.00
170.00 127.50 85.00
170.00 127.50 85.00
170.00 127.50 85.00
170.00 127.50 85.00
170.00 127.50 85.00
127.50 127.50 63.75
127.50 127.50 63.75
127.50 127.50 63.75
127.50 127.50 63.75
127.50 127.50 63.75
127.50 127.50 63.75
127.50 127.50 63.75
127.50 127.50 63.75
127.50 127.50 63.75
127.50 127.50 63.75
127.50 127.50 63.75
127.50 127.50 63.75
127.50 127.50 63.75
127.50 127.50 63.75
127.50 127.50 63.75
127.50 127.50 63.75
132.31 84.20 74.58
132.22 85.00 75.56
132.22 85.00 75.56
132.22 85.00 75.56
132.22 85.00 75.56
132.22 85.00 75.56
132.22 85.00 75.56
132.22 85.00 75.56
132.22 85.00 75.56
132.22 85.00 75.56
132.22 85.00 75.56
132.22 85.00 75.56
132.22 85.00 75.56
132.22 85.00 75.56
132.22 85.00 75.56
127.50 87.66 71.72
127.50 87.66 71.72
127.50 87.66 71.72
127.50 87.66 71.72
127.50 87.66 71.72
127.50 87.66 71.72
127.50 87.66 71.72
127.50 87.66 71.72
127.50 87.66 71.72
127.50 87.66 71.72
127.50 87.66 71.72
127.50 87.66 71.72
127.50 87.66 71.72
127.50 87.66 71.72
127.50 87.66 71.72
127.50 87.66 71.72
170.00 170.00 85.00
170.00 170.00 85.00
170.00 170.00 85.00
170.00 170.00 85.00
170.00 170.00 85.00
170.00 170.00 85.00
170.00 170.00 85.00
170.00 170.00 85.00
170.00 170.00 85.00
170.00 170.00 85.00
170.00 170.00 85.00
170.00 170.00 85.00
170.00 170.00 85.00
170.00 127.50 85.00
170.00 127.50 85.00
170.00 127.50 85.00
170.00 127.50 85.00
170.00 127.50 85.00
170.00 127.50 85.00
170.00 127.50 85.00
170.00 127.50 85.00
170.00 127.50 85.00
170.00 127.50 85.00
170.00 127.50 85.00
170.00 127.50 85.00
170.00 127.50 85.00
170.00 127.50 85.00
170.00 127.50 85.00
170.00 127.50 85.00
170.00 127.50 85.00
182.14 109.29 72.86
182.14 109.29 72.86
182.14 109.29 72.86
182.14 109.29 72.86
182.14 109.29 72.86
182.14 109.29 72.86
182.14 109.29 72.86
182.14 109.29 72.86
182.14 109.29 72.86
182.14 109.29 72.86
182.14 109.29 72.86
182.14 109.29 72.86
182.14 109.29 72.86
182.14 109.29 72.86
182.14 109.29 72.86
182.14 109.29 72.86
145.71 109.29 72.86
145.71 109.29 72.86
145.71 109.29 72.86
145.71 109.29 72.86
145.71 109.29 72.86
145.71 109.29 72.86
145.71 109.29 72.86
145.71 109.29 72.86
145.71 109.29 72.86
145.71 109.29 72.86
145.71 109.29 72.86
145.71 109.29 72.86
145.71 109.29 72.86
145.71 109.29 72.86
145.71 109.29 72.86
145.71 109.29 72.86
145.71 109.29 72.86
170.00 127.50 85.00
170.00 127.50 85.00
170.00 127.50 85.00
170.00 127.50 85.00
170.00 127.50 85.00
170.00 127.50 85.00
170.00 127.50 85.00
170.00 127.50 85.00
170.00 127.50 85.00
170.00 127.50 85.00
170.00 127.50 85.00
170.00 127.50 85.00
170.00 127.50 85.00
170.00 127.50 85.00
170.00 127.50 85.00
170.00 127.50 85.00
127.50 127.50 85.00
127.50 127.50 85.00
127.50 127.50 85.00
127.50 127.50 85.00
127.50 127.50 85.00
127.50 127.50 85.00
127.50 127.50 85.00
127.50 127.50 85.00
127.50 127.50 85.00
127.50 127.50 85.00
127.50 127.50 85.00
127.50 127.50 85.00
127.50 127.50 85.00
127.50 127.50 85.00
153.00 153.00 102.00
153.00 153.00 102.00
153.00 153.00 102.00
153.00 153.00 102.00
153.00 153.00 102.00
153.00 153.00 102.00
153.00 153.00 102.00
153.00 153.00 102.00
153.00 153.00 102.00
153.00 153.00 102.00
153.00 153.00 102.00
153.00 153.00 102.00
153.00 153.00 102.00
153.00 153.00 102.00
153.00 153.00 102.00
153.00 153.00 102.00
127.50 191.25 63.75
127.50 191.25 63.75
127.50 191.25 63.75
127.50 191.25 63.75
127.50 191.25 63.75
127.50 191.25 63.75
127.50 191.25 63.75
127.50 191.25 63.75
127.50 191.25 63.75
127.50 191.25 63.75
127.50 191.25 63.75
127.50 191.25 63.75
127.50 191.25 63.75
127.50 191.25 63.75
127.50 191.25 63.75
153.00 153.00 102.00
153.00 153.00 102.00
153.00 153.00 102.00
153.00 153.00 102.00
153.00 153.00 102.00
153.00 153.00 102.00
153.00 153.00 102.00
153.00 153.00 102.00
153.00 153.00 102.00
153.00 153.00 102.00
153.00 153.00 102.00
153.00 153.00 102.00
153.00 153.00 102.00
153.00 153.00 102.00
153.00 153.00 102.00
153.00 153.00 102.00
127.50 127.50 85.00
127.50 127.50 85.00
127.50 127.50 85.00
127.50 127.50 85.00
127.50 127.50 85.00
127.50 127.50 85.00
127.50 127.50 85.00
127.50 127.50 85.00
127.50 127.50 85.00
127.50 127.50 85.00
127.50 127.50 85.00
127.50 127.50 85.00
127.50 127.50 85.00
127.50 127.50 85.00
127.50 127.50 85.00
127.50 127.50 85.00
127.50 127.50 85.00
145.71 109.29 72.86
145.71 109.29 72.86
145.71 109.29 72.86
145.71 109.29 72.86
145.71 109.29 72.86
145.71 109.29 72.86
145.71 109.29 72.86
145.71 109.29 72.86
145.71 109.29 72.86
145.71 109.29 72.86
145.71 109.29 72.86
145.71 109.29 72.86
145.71 109.29 72.86
145.71 109.29 72.86
145.71 109.29 72.86
145.71 109.29 72.86
145.71 109.29 72.86
145.71 109.29 72.86
145.71 109.29 72.86
145.71 109.29 72.86
145.71 109.29 72.86
145.71 109.29 72.86
145.71 109.29 72.86
145.71 109.29 72.86
145.71 109.29 72.86
145.71 109.29 72.86
145.71 109.29 72.86
145.71 109.29 72.86
145.71 109.29 72.86
145.71 109.29 72.86
145.71 109.29 72.86
145.71 109.29 72.86
182.14 109.29 72.86
159.38 95.62 63.75
159.38 95.62 63.75
159.38 95.62 63.75
159.38 95.62 63.75
159.38 95.62 63.75
159.38 95.62 63.75
159.38 95.62 63.75
159.38 95.62 63.75
159.38 95.62 63.75
159.38 95.62 63.75
159.38 95.62 63.75
159.38 95.62 63.75
159.38 95.62 63.75
159.38 95.62 63.75
159.38 95.62 63.75
159.38 95.62 63.75
170.00 127.50 85.00
170.00 127.50 85.00
170.00 127.50 85.00
170.00 127.50 85.00
170.00 127.50 85.00
170.00 127.50 85.00
170.00 127.50 85.00
170.00 127.50 85.00
170.00 127.50 85.00
170.00 127.50 85.00
170.00 127.50 85.00
170.00 127.50 85.00
170.00 127.50 85.00
170.00 127.50 85.00
170.00 127.50 85.00
170.00 127.50 85.00
170.00 127.50 85.00
153.00 153.00 102.00
153.00 153.00 102.00
153.00 153.00 102.00
153.00 153.00 102.00
153.00 153.00 102.00
153.00 153.00 102.00
153.00 153.00 102.00
153.00 153.00 102.00
153.00 153.00 102.00
153.00 153.00 102.00
153.00 153.00 102.00
153.00 153.00 102.00
153.00 153.00 102.00
153.00 153.00 102.00
153.00 153.00 102.00
153.00 153.00 102.00
133.46 85.79 76.26
133.46 85.79 76.26
133.46 85.79 76.26
133.46 85.79 76.26
133.46 85.79 76.26
133.46 85.79 76.26
133.46 85.79 76.26
133.46 85.79 76.26
133.46 85.79 76.26
133.46 85.79 76.26
133.46 85.79 76.26
133.46 85.79 76.26
133.46 85.79 76.26
133.46 85.79 76.26
133.46 85.79 76.26
133.46 85.79 76.26
133.46 85.79 76.26
130.00 90.00 75.00
130.00 90.00 75.00
130.00 90.00 75.00
130.00 90.00 75.00
130.00 90.00 75.00
130.00 90.00 75.00
130.00 90.00 75.00
130.00 90.00 75.00
130.00 90.00 75.00
130.00 90.00 75.00
130.00 90.00 75.00
130.00 90.00 75.00
130.00 90.00 75.00
130.00 90.00 75.00
130.00 90.00 75.00
130.00 90.00 75.00
127.50 127.50 63.75
127.50 127.50 63.75
127.50 127.50 63.75
127.50 127.50 63.75
127.50 127.50 63.75
127.50 127.50 63.75
127.50 127.50 63.75
127.50 127.50 63.75
127.50 127.50 63.75
127.50 127.50 63.75
127.50 127.50 63.75
127.50 127.50 63.75
127.50 127.50 63.75
127.50 127.50 63.75
127.50 127.50 63.75
127.50 127.50 63.75
170.00 127.50 85.00
170.00 127.50 85.00
170.00 127.50 85.00
170.00 127.50 85.00
170.00 127.50 85.00
170.00 127.50 85.00
170.00 127.50 85.00
170.00 127.50 85.00
170.00 127.50 85.00
170.00 127.50 85.00
170.00 127.50 85.00
170.00 127.50 85.00
170.00 127.50 85.00
170.00 127.50 85.00
170.00 127.50 85.00
170.00 127.50 85.00
140.51 88.47 72.86
140.51 88.47 72.86
140.51 88.47 72.86
140.51 88.47 72.86
140.51 88.47 72.86
140.51 88.47 72.86
140.51 88.47 72.86
140.51 88.47 72.86
140.51 88.47 72.86
140.51 88.47 72.86
140.51 88.47 72.86
140.51 88.47 72.86
140.51 88.47 72.86
140.51 88.47 72.86
140.51 88.47 72.86
140.51 88.47 72.86
141.67 113.33 85.00
141.67 113.33 85.00
141.67 113.33 85.00
141.67 113.33 85.00
141.67 113.33 85.00
141.67 113.33 85.00
141.67 113.33 85.00
141.67 113.33 85.00
141.67 113.33 85.00
141.67 113.33 85.00
141.67 113.33 85.00
141.67 113.33 85.00
141.67 113.33 85.00
141.67 113.33 85.00
141.67 113.33 85.00
141.67 113.33 85.00
145.71 145.71 72.86
145.71 145.71 72.86
145.71 145.71 72.86
145.71 145.71 72.86
145.71 145.71 72.86
145.71 145.71 72.86
145.71 145.71 72.86
145.71 145.71 72.86
145.71 145.71 72.86
145.71 145.71 72.86
145.71 145.71 72.86
145.71 145.71 72.86
145.71 145.71 72.86
145.71 145.71 72.86
145.71 145.71 72.86
145.71 145.71 72.86
98.08 147.12 137.31
98.08 147.12 137.31
98.08 147.12 137.31
98.08 147.12 137.31
98.08 147.12 137.31
98.08 147.12 137.31
98.08 147.12 137.31
98.08 147.12 137.31
98.08 147.12 137.31
98.08 147.12 137.31
98.08 147.12 137.31
98.08 147.12 137.31
98.08 147.12 137.31
98.08 147.12 137.31
98.08 147.12 137.31
98.08 147.12 137.31
92.73 162.27 150.68
92.73 162.27 150.68
92.73 162.27 150.68
92.73 162.27 150.68
92.73 162.27 150.68
92.73 162.27 150.68
92.73 162.27 150.68
92.73 162.27 150.68
92.73 162.27 150.68
92.73 162.27 150.68
92.73 162.27 150.68
92.73 162.27 150.68
92.73 162.27 150.68
92.73 162.27 150.68
92.73 162.27 150.68
92.73 162.27 150.68
92.73 162.27 150.68
92.73 185.45 162.27
92.73 185.45 162.27
92.73 185.45 162.27
92.73 185.45 162.27
92.73 185.45 162.27
92.73 185.45 162.27
92.73 185.45 162.27
92.73 185.45 162.27
92.73 185.45 162.27
92.73 185.45 162.27
92.73 185.45 162.27
92.73 185.45 162.27
92.73 185.45 162.27
92.73 185.45 162.27
92.73 185.45 162.27
92.73 185.45 162.27
127.50 127.50 63.75
127.50 127.50 63.75
127.50 127.50 63.75
127.50 127.50 63.75
127.50 127.50 63.75
127.50 127.50 63.75
127.50 127.50 63.75
127.50 127.50 63.75
127.50 127.50 63.75
127.50 127.50 63.75
127.50 127.50 63.75
127.50 127.50 63.75
127.50 127.50 63.75
127.50 127.50 63.75
127.50 127.50 63.75
127.50 127.50 63.75
153.00 102.00 51.00
153.00 102.00 51.00
153.00 102.00 51.00
153.00 102.00 51.00
153.00 102.00 51.00
153.00 102.00 51.00
153.00 102.00 51.00
153.00 102.00 51.00
153.00 102.00 51.00
153.00 102.00 51.00
153.00 102.00 51.00
153.00 102.00 51.00
153.00 102.00 51.00
153.00 102.00 51.00
153.00 102.00 51.00
153.00 102.00 51.00
170.00 127.50 85.00
170.00 127.50 85.00
170.00 127.50 85.00
170.00 127.50 85.00
170.00 127.50 85.00
170.00 127.50 85.00
170.00 127.50 85.00
170.00 127.50 85.00
170.00 127.50 85.00
170.00 127.50 85.00
170.00 127.50 85.00
170.00 127.50 85.00
170.00 127.50 85.00
170.00 127.50 85.00
170.00 127.50 85.00
170.00 127.50 85.00
170.00 127.50 85.00
170.00 127.50 85.00
170.00 127.50 85.00
170.00 127.50 85.00
170.00 127.50 85.00
170.00 127.50 85.00
170.00 127.50 85.00
170.00 127.50 85.00
170.00 127.50 85.00
170.00 127.50 85.00
170.00 127.50 85.00
170.00 127.50 85.00
170.00 127.50 85.00
170.00 127.50 85.00
170.00 127.50 85.00
170.00 127.50 85.00
170.00 127.50 85.00
153.00 102.00 51.00
153.00 102.00 51.00
153.00 102.00 51.00
153.00 102.00 51.00
153.00 102.00 51.00
153.00 102.00 51.00
153.00 102.00 51.00
153.00 102.00 51.00
153.00 102.00 51.00
153.00 102.00 51.00
153.00 102.00 51.00
153.00 102.00 51.00
153.00 102.00 51.00
153.00 102.00 51.00
153.00 102.00 51.00
153.00 102.00 51.00
127.50 127.50 63.75
127.50 127.50 63.75
127.50 127.50 63.75
127.50 127.50 63.75
127.50 127.50 63.75
127.50 127.50 63.75
127.50 127.50 63.75
127.50 127.50 63.75
127.50 127.50 63.75
127.50 127.50 63.75
127.50 127.50 63.75
127.50 127.50 63.75
127.50 127.50 63.75
127.50 127.50 63.75
127.50 127.50 63.75
127.50 127.50 63.75
127.50 127.50 63.75
170.00 255.00 170.00
170.00 255.00 170.00
170.00 255.00 170.00
170.00 255.00 170.00
170.00 255.00 170.00
170.00 255.00 170.00
170.00 255.00 170.00
170.00 255.00 170.00
170.00 255.00 170.00
170.00 255.00 170.00
170.00 255.00 170.00
170.00 255.00 170.00
170.00 255.00 170.00
170.00 255.00 170.00
170.00 255.00 170.00
170.00 255.00 170.00
170.00 255.00 170.00
170.00 255.00 170.00
170.00 255.00 170.00
170.00 255.00 170.00
98.08 235.38 196.15
98.08 235.38 196.15
98.08 235.38 196.15
98.08 235.38 196.15
98.08 235.38 196.15
98.08 235.38 196.15
98.08 235.38 196.15
98.08 235.38 196.15
98.08 235.38 196.15
98.08 235.38 196.15
98.08 235.38 196.15
98.08 235.38 196.15
98.08 235.38 196.15
98.08 235.38 196.15
98.08 235.38 196.15
98.08 235.38 196.15
98.08 235.38 196.15
98.08 235.38 196.15
98.08 235.38 196.15
111.56 207.19 175.31
111.56 207.19 175.31
111.56 207.19 175.31
111.56 207.19 175.31
111.56 207.19 175.31
111.56 207.19 175.31
111.56 207.19 175.31
111.56 207.19 175.31
111.56 207.19 175.31
111.56 207.19 175.31
111.56 207.19 175.31
111.56 207.19 175.31
111.56 207.19 175.31
111.56 207.19 175.31
111.56 207.19 175.31
111.56 207.19 175.31
109.29 218.57 200.36
109.29 218.57 200.36
109.29 218.57 200.36
109.29 218.57 200.36
109.29 218.57 200.36
109.29 218.57 200.36
109.29 218.57 200.36
109.29 218.57 200.36
109.29 218.57 200.36
109.29 218.57 200.36
109.29 218.57 200.36
109.29 218.57 200.36
109.29 218.57 200.36
109.29 218.57 200.36
109.29 218.57 200.36
109.29 255.00 218.57
109.29 255.00 218.57
109.29 255.00 218.57
109.29 255.00 218.57
109.29 255.00 218.57
109.29 255.00 218.57
109.29 255.00 218.57
109.29 255.00 218.57
109.29 255.00 218.57
109.29 255.00 218.57
109.29 255.00 218.57
109.29 255.00 218.57
109.29 255.00 218.57
109.29 255.00 218.57
109.29 255.00 218.57
109.29 255.00 218.57
170.00 170.00 85.00
170.00 170.00 85.00
170.00 170.00 85.00
170.00 170.00 85.00
170.00 170.00 85.00
170.00 170.00 85.00
170.00 170.00 85.00
170.00 170.00 85.00
170.00 170.00 85.00
170.00 170.00 85.00
170.00 170.00 85.00
170.00 170.00 85.00
170.00 170.00 85.00
170.00 170.00 85.00
170.00 170.00 85.00
191.25 127.50 63.75
191.25 127.50 63.75
191.25 127.50 63.75
191.25 127.50 63.75
191.25 127.50 63.75
191.25 127.50 63.75
191.25 127.50 63.75
191.25 127.50 63.75
191.25 127.50 63.75
191.25 127.50 63.75
191.25 127.50 63.75
191.25 127.50 63.75
191.25 127.50 63.75
153.00 102.00 102.00
153.00 102.00 102.00
153.00 102.00 102.00
153.00 102.00 102.00
153.00 102.00 102.00
153.00 102.00 102.00
153.00 102.00 102.00
153.00 102.00 102.00
153.00 102.00 102.00
153.00 102.00 102.00
153.00 102.00 102.00
153.00 102.00 102.00
153.00 102.00 102.00
153.00 102.00 102.00
153.00 102.00 102.00
170.00 127.50 85.00
170.00 127.50 85.00
170.00 127.50 85.00
170.00 127.50 85.00
170.00 127.50 85.00
170.00 127.50 85.00
170.00 127.50 85.00
170.00 127.50 85.00
170.00 127.50 85.00
170.00 127.50 85.00
170.00 127.50 85.00
170.00 127.50 85.00
170.00 127.50 85.00
170.00 127.50 85.00
170.00 127.50 85.00
170.00 127.50 85.00
170.00 127.50 85.00
170.00 127.50 85.00
170.00 127.50 85.00
170.00 127.50 85.00
170.00 127.50 85.00
170.00 127.50 85.00
170.00 127.50 85.00
170.00 127.50 85.00
170.00 127.50 85.00
170.00 127.50 85.00
170.00 127.50 85.00
170.00 127.50 85.00
170.00 127.50 85.00
170.00 127.50 85.00
170.00 127.50 85.00
170.00 127.50 85.00
170.00 127.50 85.00
170.00 127.50 85.00
170.00 127.50 85.00
170.00 127.50 85.00
170.00 127.50 85.00
170.00 127.50 85.00
170.00 127.50 85.00
170.00 127.50 85.00
170.00 127.50 85.00
170.00 127.50 85.00
170.00 127.50 85.00
170.00 127.50 85.00
170.00 127.50 85.00
170.00 127.50 85.00
170.00 127.50 85.00
191.25 127.50 63.75
191.25 127.50 63.75
191.25 127.50 63.75
191.25 127.50 63.75
191.25 127.50 63.75
191.25 127.50 63.75
191.25 127.50 63.75
191.25 127.50 63.75
191.25 127.50 63.75
191.25 127.50 63.75
191.25 127.50 63.75
191.25 127.50 63.75
191.25 127.50 63.75
191.25 127.50 63.75
191.25 127.50 63.75
191.25 127.50 63.75
170.00 255.00 170.00
170.00 255.00 170.00
170.00 255.00 170.00
170.00 255.00 170.00
170.00 255.00 170.00
170.00 255.00 170.00
170.00 255.00 170.00
170.00 255.00 170.00
170.00 255.00 170.00
170.00 255.00 170.00
170.00 255.00 170.00
170.00 255.00 170.00
170.00 255.00 170.00
170.00 255.00 170.00
170.00 255.00 170.00
170.00 255.00 170.00
141.67 255.00 283.33
141.67 255.00 283.33
141.67 255.00 283.33
141.67 255.00 283.33
141.67 255.00 283.33
141.67 255.00 283.33
141.67 255.00 283.33
141.67 255.00 283.33
141.67 255.00 283.33
141.67 255.00 283.33
141.67 255.00 283.33
141.67 255.00 283.33
141.67 255.00 283.33
141.67 255.00 283.33
141.67 255.00 283.33
141.67 255.00 283.33
145.71 200.36 200.36
145.71 200.36 200.36
145.71 200.36 200.36
145.71 200.36 200.36
145.71 200.36 200.36
145.71 200.36 200.36
145.71 200.36 200.36
145.71 200.36 200.36
145.71 200.36 200.36
145.71 200.36 200.36
145.71 200.36 200.36
145.71 200.36 200.36
145.71 200.36 200.36
145.71 200.36 200.36
145.71 200.36 200.36
145.71 200.36 200.36
153.00 255.00 255.00
153.00 255.00 255.00
153.00 255.00 255.00
153.00 255.00 255.00
153.00 255.00 255.00
153.00 255.00 255.00
153.00 255.00 255.00
153.00 255.00 255.00
153.00 255.00 255.00
153.00 255.00 255.00
153.00 255.00 255.00
153.00 255.00 255.00
153.00 255.00 255.00
153.00 255.00 255.00
153.00 255.00 255.00
153.00 255.00 255.00
170.00 170.00 85.00
170.00 170.00 85.00
170.00 170.00 85.00
170.00 170.00 85.00
170.00 170.00 85.00
170.00 170.00 85.00
170.00 170.00 85.00
170.00 170.00 85.00
170.00 170.00 85.00
170.00 170.00 85.00
170.00 170.00 85.00
170.00 170.00 85.00
170.00 170.00 85.00
170.00 170.00 85.00
170.00 170.00 85.00
170.00 170.00 85.00
153.00 102.00 51.00
153.00 102.00 51.00
153.00 102.00 51.00
153.00 102.00 51.00
153.00 102.00 51.00
153.00 102.00 51.00
153.00 102.00 51.00
153.00 102.00 51.00
153.00 102.00 51.00
153.00 102.00 51.00
153.00 102.00 51.00
153.00 102.00 51.00
153.00 102.00 51.00
153.00 102.00 51.00
153.00 102.00 51.00
153.00 102.00 51.00
170.00 127.50 85.00
170.00 127.50 85.00
170.00 127.50 85.00
170.00 127.50 85.00
170.00 127.50 85.00
170.00 127.50 85.00
170.00 127.50 85.00
170.00 127.50 85.00
170.00 127.50 85.00
170.00 127.50 85.00
170.00 127.50 85.00
170.00 127.50 85.00
170.00 127.50 85.00
170.00 127.50 85.00
170.00 127.50 85.00
170.00 127.50 85.00
170.00 127.50 85.00
145.71 109.29 72.86
145.71 109.29 72.86
145.71 109.29 72.86
145.71 109.29 72.86
145.71 109.29 72.86
145.71 109.29 72.86
145.71 109.29 72.86
145.71 109.29 72.86
145.71 109.29 72.86
145.71 109.29 72.86
145.71 109.29 72.86
145.71 109.29 72.86
145.71 109.29 72.86
145.71 109.29 72.86
145.71 109.29 72.86
170.00 127.50 85.00
170.00 127.50 85.00
170.00 127.50 85.00
170.00 127.50 85.00
170.00 127.50 85.00
170.00 127.50 85.00
170.00 127.50 85.00
170.00 127.50 85.00
170.00 127.50 85.00
170.00 127.50 85.00
170.00 127.50 85.00
170.00 127.50 85.00
170.00 127.50 85.00
170.00 127.50 85.00
170.00 127.50 85.00
170.00 127.50 85.00
170.00 127.50 85.00
170.00 127.50 85.00
170.00 127.50 85.00
170.00 127.50 85.00
170.00 127.50 85.00
170.00 127.50 85.00
170.00 127.50 85.00
170.00 127.50 85.00
170.00 127.50 85.00
170.00 127.50 85.00
170.00 127.50 85.00
170.00 127.50 85.00
170.00 127.50 85.00
170.00 127.50 85.00
170.00 127.50 85.00
153.00 102.00 51.00
153.00 102.00 51.00
153.00 102.00 51.00
153.00 102.00 51.00
153.00 102.00 51.00
153.00 102.00 51.00
153.00 102.00 51.00
153.00 102.00 51.00
153.00 102.00 51.00
153.00 102.00 51.00
153.00 102.00 51.00
153.00 102.00 51.00
153.00 102.00 51.00
153.00 102.00 51.00
153.00 102.00 51.00
153.00 102.00 51.00
153.00 102.00 51.00
127.50 191.25 191.25
127.50 191.25 191.25
127.50 191.25 191.25
127.50 191.25 191.25
127.50 191.25 191.25
127.50 191.25 191.25
127.50 191.25 191.25
127.50 191.25 191.25
127.50 191.25 191.25
127.50 191.25 191.25
127.50 191.25 191.25
127.50 191.25 191.25
127.50 191.25 191.25
162.27 162.27 231.82
162.27 162.27 231.82
162.27 162.27 231.82
162.27 162.27 231.82
162.27 162.27 231.82
162.27 162.27 231.82
162.27 162.27 231.82
162.27 162.27 231.82
162.27 162.27 231.82
162.27 162.27 231.82
162.27 162.27 231.82
162.27 162.27 231.82
162.27 162.27 231.82
162.27 162.27 231.82
162.27 162.27 231.82
162.27 162.27 231.82
170.00 212.50 340.00
170.00 212.50 340.00
170.00 212.50 340.00
170.00 212.50 340.00
170.00 212.50 340.00
170.00 212.50 340.00
170.00 212.50 340.00
170.00 212.50 340.00
170.00 212.50 340.00
170.00 212.50 340.00
170.00 212.50 340.00
170.00 212.50 340.00
170.00 212.50 340.00
170.00 212.50 340.00
170.00 212.50 340.00
191.25 191.25 127.50
191.25 191.25 127.50
191.25 191.25 127.50
191.25 191.25 127.50
191.25 191.25 127.50
191.25 191.25 127.50
191.25 191.25 127.50
191.25 191.25 127.50
191.25 191.25 127.50
191.25 191.25 127.50
191.25 191.25 127.50
191.25 191.25 127.50
191.25 191.25 127.50
191.25 191.25 127.50
191.25 191.25 127.50
191.25 191.25 127.50
153.00 102.00 51.00
153.00 102.00 51.00
153.00 102.00 51.00
153.00 102.00 51.00
153.00 102.00 51.00
153.00 102.00 51.00
153.00 102.00 51.00
153.00 102.00 51.00
153.00 102.00 51.00
153.00 102.00 51.00
153.00 102.00 51.00
153.00 102.00 51.00
153.00 102.00 51.00
153.00 102.00 51.00
153.00 102.00 51.00
153.00 102.00 51.00
170.00 127.50 85.00
170.00 127.50 85.00
170.00 127.50 85.00
170.00 127.50 85.00
170.00 127.50 85.00
170.00 127.50 85.00
170.00 127.50 85.00
170.00 127.50 85.00
170.00 127.50 85.00
170.00 127.50 85.00
170.00 127.50 85.00
170.00 127.50 85.00
170.00 127.50 85.00
170.00 127.50 85.00
170.00 127.50 85.00
170.00 127.50 85.00
145.71 109.29 72.86
145.71 109.29 72.86
145.71 109.29 72.86
145.71 109.29 72.86
145.71 109.29 72.86
145.71 109.29 72.86
145.71 109.29 72.86
145.71 109.29 72.86
145.71 109.29 72.86
145.71 109.29 72.86
145.71 109.29 72.86
145.71 109.29 72.86
145.71 109.29 72.86
145.71 109.29 72.86
145.71 109.29 72.86
145.71 109.29 72.86
170.00 127.50 85.00
170.00 127.50 85.00
170.00 127.50 85.00
170.00 127.50 85.00
170.00 127.50 85.00
170.00 127.50 85.00
170.00 127.50 85.00
170.00 127.50 85.00
170.00 127.50 85.00
170.00 127.50 85.00
170.00 127.50 85.00
170.00 127.50 85.00
170.00 127.50 85.00
170.00 127.50 85.00
170.00 127.50 85.00
170.00 127.50 85.00
153.00 102.00 51.00
153.00 102.00 51.00
153.00 102.00 51.00
153.00 102.00 51.00
153.00 102.00 51.00
153.00 102.00 51.00
153.00 102.00 51.00
153.00 102.00 51.00
153.00 102.00 51.00
153.00 102.00 51.00
153.00 102.00 51.00
153.00 102.00 51.00
153.00 102.00 51.00
153.00 102.00 51.00
153.00 102.00 51.00
153.00 102.00 51.00
153.00 102.00 51.00
153.00 102.00 51.00
153.00 102.00 51.00
153.00 102.00 51.00
153.00 102.00 51.00
153.00 102.00 51.00
153.00 102.00 51.00
127.50 191.25 191.25
127.50 191.25 191.25
127.50 191.25 191.25
127.50 191.25 191.25
127.50 191.25 191.25
127.50 191.25 191.25
127.50 191.25 191.25
127.50 191.25 191.25
127.50 191.25 191.25
127.50 191.25 191.25
127.50 191.25 191.25
127.50 191.25 191.25
127.50 191.25 191.25
127.50 191.25 191.25
127.50 191.25 191.25
127.50 191.25 191.25
127.50 191.25 191.25
127.50 191.25 191.25
127.50 191.25 191.25
127.50 191.25 191.25
127.50 191.25 191.25
127.50 191.25 191.25
127.50 191.25 191.25
127.50 191.25 191.25
127.50 191.25 191.25
127.50 191.25 191.25
162.27 162.27 231.82
170.00 170.00 233.75
170.00 170.00 233.75
170.00 170.00 233.75
170.00 170.00 233.75
170.00 170.00 233.75
170.00 170.00 233.75
170.00 170.00 233.75
170.00 170.00 233.75
170.00 170.00 233.75
170.00 170.00 233.75
170.00 170.00 233.75
170.00 170.00 233.75
170.00 170.00 233.75
170.00 170.00 233.75
170.00 170.00 233.75
170.00 170.00 233.75
170.00 170.00 233.75
170.00 170.00 233.75
170.00 170.00 233.75
170.00 170.00 233.75
170.00 170.00 233.75
170.00 170.00 233.75
170.00 170.00 233.75
170.00 170.00 233.75
170.00 170.00 233.75
170.00 170.00 233.75
159.38 191.25 286.88
159.38 191.25 286.88
159.38 191.25 286.88
159.38 191.25 286.88
159.38 191.25 286.88
159.38 191.25 286.88
159.38 191.25 286.88
159.38 191.25 286.88
159.38 191.25 286.88
159.38 191.25 286.88
159.38 191.25 286.88
159.38 191.25 286.88
159.38 191.25 286.88
159.38 191.25 286.88
159.38 191.25 286.88
159.38 191.25 286.88
170.00 170.00 85.00
170.00 170.00 85.00
170.00 170.00 85.00
170.00 170.00 85.00
170.00 170.00 85.00
170.00 170.00 85.00
170.00 170.00 85.00
170.00 170.00 85.00
170.00 170.00 85.00
170.00 170.00 85.00
170.00 170.00 85.00
170.00 170.00 85.00
170.00 170.00 85.00
170.00 170.00 85.00
170.00 170.00 85.00
170.00 170.00 85.00
153.00 102.00 51.00
153.00 102.00 51.00
153.00 102.00 51.00
153.00 102.00 51.00
153.00 102.00 51.00
153.00 102.00 51.00
153.00 102.00 51.00
153.00 102.00 51.00
153.00 102.00 51.00
153.00 102.00 51.00
153.00 102.00 51.00
153.00 102.00 51.00
153.00 102.00 51.00
153.00 102.00 51.00
153.00 102.00 51.00
153.00 102.00 51.00
153.00 102.00 51.00
170.00 127.50 85.00
170.00 127.50 85.00
170.00 127.50 85.00
170.00 127.50 85.00
170.00 127.50 85.00
170.00 127.50 85.00
170.00 127.50 85.00
170.00 127.50 85.00
170.00 127.50 85.00
170.00 127.50 85.00
170.00 127.50 85.00
170.00 127.50 85.00
170.00 127.50 85.00
170.00 127.50 85.00
170.00 127.50 85.00
170.00 127.50 85.00
145.71 109.29 72.86
145.71 109.29 72.86
145.71 109.29 72.86
145.71 109.29 72.86
145.71 109.29 72.86
145.71 109.29 72.86
145.71 109.29 72.86
145.71 109.29 72.86
145.71 109.29 72.86
145.71 109.29 72.86
145.71 109.29 72.86
145.71 109.29 72.86
145.71 109.29 72.86
145.71 109.29 72.86
145.71 109.29 72.86
145.71 109.29 72.86
170.00 127.50 85.00
170.00 127.50 85.00
170.00 127.50 85.00
170.00 127.50 85.00
170.00 127.50 85.00
170.00 127.50 85.00
170.00 127.50 85.00
170.00 127.50 85.00
170.00 127.50 85.00
170.00 127.50 85.00
170.00 127.50 85.00
170.00 127.50 85.00
170.00 127.50 85.00
170.00 127.50 85.00
170.00 127.50 85.00
170.00 127.50 85.00
170.00 127.50 85.00
191.25 127.50 63.75
191.25 127.50 63.75
191.25 127.50 63.75
191.25 127.50 63.75
191.25 127.50 63.75
191.25 127.50 63.75
191.25 127.50 63.75
191.25 127.50 63.75
191.25 127.50 63.75
191.25 127.50 63.75
191.25 127.50 63.75
191.25 127.50 63.75
191.25 127.50 63.75
191.25 127.50 63.75
191.25 127.50 63.75
191.25 127.50 63.75
127.50 191.25 127.50
127.50 191.25 127.50
127.50 191.25 127.50
127.50 191.25 127.50
127.50 191.25 127.50
127.50 191.25 127.50
127.50 191.25 127.50
127.50 191.25 127.50
127.50 191.25 127.50
127.50 191.25 127.50
127.50 191.25 127.50
127.50 191.25 127.50
127.50 191.25 127.50
127.50 191.25 127.50
127.50 191.25 127.50
127.50 191.25 127.50
170.00 148.75 191.25
170.00 148.75 191.25
170.00 148.75 191.25
170.00 148.75 191.25
170.00 148.75 191.25
170.00 148.75 191.25
170.00 148.75 191.25
170.00 148.75 191.25
170.00 148.75 191.25
170.00 148.75 191.25
170.00 148.75 191.25
170.00 148.75 191.25
170.00 148.75 191.25
170.00 148.75 191.25
170.00 148.75 191.25
170.00 148.75 191.25
141.67 170.00 198.33
141.67 170.00 198.33
141.67 170.00 198.33
141.67 170.00 198.33
141.67 170.00 198.33
141.67 170.00 198.33
141.67 170.00 198.33
141.67 170.00 198.33
141.67 170.00 198.33
141.67 170.00 198.33
141.67 170.00 198.33
141.67 170.00 198.33
141.67 170.00 198.33
141.67 170.00 198.33
141.67 170.00 198.33
141.67 170.00 198.33
141.67 170.00 198.33
127.50 191.25 255.00
127.50 191.25 255.00
127.50 191.25 255.00
127.50 191.25 255.00
127.50 191.25 255.00
127.50 191.25 255.00
127.50 191.25 255.00
127.50 191.25 255.00
127.50 191.25 255.00
127.50 191.25 255.00
127.50 191.25 255.00
127.50 191.25 255.00
127.50 191.25 255.00
127.50 191.25 255.00
127.50 191.25 255.00
127.50 191.25 255.00
170.00 170.00 85.00
170.00 170.00 85.00
170.00 170.00 85.00
170.00 170.00 85.00
170.00 170.00 85.00
170.00 170.00 85.00
170.00 170.00 85.00
170.00 170.00 85.00
170.00 170.00 85.00
170.00 170.00 85.00
170.00 170.00 85.00
170.00 170.00 85.00
170.00 170.00 85.00
170.00 170.00 85.00
170.00 170.00 85.00
170.00 170.00 85.00
204.00 153.00 102.00
204.00 153.00 102.00
204.00 153.00 102.00
204.00 153.00 102.00
204.00 153.00 102.00
204.00 153.00 102.00
204.00 153.00 102.00
204.00 153.00 102.00
204.00 153.00 102.00
204.00 153.00 102.00
204.00 153.00 102.00
204.00 153.00 102.00
204.00 153.00 102.00
204.00 153.00 102.00
204.00 153.00 102.00
204.00 153.00 102.00
182.14 109.29 72.86
170.00 127.50 85.00
170.00 127.50 85.00
170.00 127.50 85.00
170.00 127.50 85.00
170.00 127.50 85.00
170.00 127.50 85.00
170.00 127.50 85.00
170.00 127.50 85.00
170.00 127.50 85.00
170.00 127.50 85.00
170.00 127.50 85.00
170.00 127.50 85.00
170.00 127.50 85.00
170.00 127.50 85.00
170.00 127.50 85.00
170.00 127.50 85.00
191.25 127.50 63.75
191.25 127.50 63.75
191.25 127.50 63.75
191.25 127.50 63.75
191.25 127.50 63.75
191.25 127.50 63.75
191.25 127.50 63.75
191.25 127.50 63.75
191.25 127.50 63.75
191.25 127.50 63.75
191.25 127.50 63.75
191.25 127.50 63.75
191.25 127.50 63.75
191.25 127.50 63.75
191.25 127.50 63.75
191.25 127.50 63.75
191.25 127.50 63.75
191.25 191.25 127.50
191.25 191.25 127.50
191.25 191.25 127.50
191.25 191.25 127.50
191.25 191.25 127.50
191.25 191.25 127.50
191.25 191.25 127.50
191.25 191.25 127.50
191.25 191.25 127.50
191.25 191.25 127.50
191.25 191.25 127.50
191.25 191.25 127.50
191.25 191.25 127.50
191.25 191.25 127.50
191.25 191.25 127.50
191.25 191.25 127.50
159.38 159.38 159.38
159.38 159.38 159.38
159.38 159.38 159.38
159.38 159.38 159.38
159.38 159.38 159.38
159.38 159.38 159.38
159.38 159.38 159.38
159.38 159.38 159.38
159.38 159.38 159.38
159.38 159.38 159.38
159.38 159.38 159.38
159.38 159.38 159.38
159.38 159.38 159.38
159.38 159.38 159.38
159.38 159.38 159.38
159.38 159.38 159.38
156.92 137.31 137.31
170.00 170.00 170.00
170.00 170.00 170.00
170.00 170.00 170.00
170.00 170.00 170.00
170.00 170.00 170.00
170.00 170.00 170.00
170.00 170.00 170.00
170.00 170.00 170.00
170.00 170.00 170.00
170.00 170.00 170.00
170.00 170.00 170.00
170.00 170.00 170.00
170.00 170.00 170.00
170.00 170.00 170.00
170.00 170.00 170.00
170.00 170.00 170.00
127.50 191.25 127.50
127.50 191.25 127.50
127.50 191.25 127.50
127.50 191.25 127.50
127.50 191.25 127.50
127.50 191.25 127.50
127.50 191.25 127.50
127.50 191.25 127.50
127.50 191.25 127.50
127.50 191.25 127.50
127.50 191.25 127.50
127.50 191.25 127.50
127.50 191.25 127.50
127.50 191.25 127.50
127.50 191.25 127.50
127.50 191.25 127.50
127.50 191.25 127.50
127.50 127.50 63.75
127.50 127.50 63.75
127.50 127.50 63.75
127.50 127.50 63.75
127.50 127.50 63.75
127.50 127.50 63.75
127.50 127.50 63.75
127.50 127.50 63.75
127.50 127.50 63.75
127.50 127.50 63.75
127.50 127.50 63.75
127.50 127.50 63.75
127.50 127.50 63.75
127.50 127.50 63.75
127.50 127.50 63.75
127.50 127.50 63.75
127.50 127.50 63.75
127.50 127.50 63.75
127.50 127.50 63.75
127.50 127.50 63.75
127.50 127.50 63.75
127.50 127.50 63.75
127.50 127.50 63.75
127.50 127.50 63.75
170.00 127.50 85.00
170.00 127.50 85.00
170.00 127.50 85.00
170.00 127.50 85.00
170.00 127.50 85.00
170.00 127.50 85.00
170.00 127.50 85.00
170.00 127.50 85.00
170.00 127.50 85.00
170.00 127.50 85.00
170.00 127.50 85.00
170.00 127.50 85.00
170.00 127.50 85.00
170.00 127.50 85.00
170.00 127.50 85.00
170.00 127.50 85.00
170.00 127.50 85.00
170.00 127.50 85.00
145.71 109.29 72.86
182.14 109.29 72.86
182.14 109.29 72.86
182.14 109.29 72.86
182.14 109.29 72.86
182.14 109.29 72.86
182.14 109.29 72.86
182.14 109.29 72.86
182.14 109.29 72.86
182.14 109.29 72.86
182.14 109.29 72.86
182.14 109.29 72.86
182.14 109.29 72.86
182.14 109.29 72.86
182.14 109.29 72.86
182.14 109.29 72.86
182.14 109.29 72.86
182.14 109.29 72.86
170.00 127.50 85.00
170.00 127.50 85.00
170.00 127.50 85.00
170.00 127.50 85.00
170.00 127.50 85.00
170.00 127.50 85.00
170.00 127.50 85.00
170.00 127.50 85.00
170.00 127.50 85.00
170.00 127.50 85.00
170.00 127.50 85.00
170.00 127.50 85.00
170.00 127.50 85.00
170.00 127.50 85.00
170.00 127.50 85.00
170.00 127.50 85.00
153.00 102.00 102.00
153.00 102.00 102.00
153.00 102.00 102.00
153.00 102.00 102.00
153.00 102.00 102.00
153.00 102.00 102.00
153.00 102.00 102.00
153.00 102.00 102.00
153.00 102.00 102.00
153.00 102.00 102.00
153.00 102.00 102.00
153.00 102.00 102.00
153.00 102.00 102.00
153.00 102.00 102.00
153.00 102.00 102.00
153.00 102.00 102.00
170.00 170.00 85.00
170.00 170.00 85.00
170.00 170.00 85.00
170.00 170.00 85.00
170.00 170.00 85.00
170.00 170.00 85.00
170.00 170.00 85.00
170.00 170.00 85.00
170.00 170.00 85.00
170.00 170.00 85.00
170.00 170.00 85.00
170.00 170.00 85.00
170.00 170.00 85.00
170.00 170.00 85.00
170.00 170.00 85.00
170.00 170.00 85.00
170.00 170.00 85.00
170.00 212.50 212.50
170.00 212.50 212.50
170.00 212.50 212.50
170.00 212.50 212.50
170.00 212.50 212.50
170.00 212.50 212.50
170.00 212.50 212.50
170.00 212.50 212.50
170.00 212.50 212.50
170.00 212.50 212.50
170.00 212.50 212.50
170.00 212.50 212.50
170.00 212.50 212.50
170.00 212.50 212.50
170.00 212.50 212.50
170.00 212.50 212.50
156.92 137.31 137.31
156.92 137.31 137.31
156.92 137.31 137.31
156.92 137.31 137.31
156.92 137.31 137.31
156.92 137.31 137.31
156.92 137.31 137.31
156.92 137.31 137.31
156.92 137.31 137.31
156.92 137.31 137.31
156.92 137.31 137.31
156.92 137.31 137.31
156.92 137.31 137.31
156.92 137.31 137.31
156.92 137.31 137.31
156.92 137.31 137.31
170.00 170.00 170.00
170.00 170.00 170.00
170.00 170.00 170.00
170.00 170.00 170.00
170.00 170.00 170.00
170.00 170.00 170.00
170.00 170.00 170.00
170.00 170.00 170.00
170.00 170.00 170.00
170.00 170.00 170.00
170.00 170.00 170.00
170.00 170.00 170.00
170.00 170.00 170.00
170.00 170.00 170.00
170.00 170.00 170.00
170.00 170.00 170.00
170.00 170.00 170.00
153.00 153.00 153.00
153.00 153.00 153.00
153.00 153.00 153.00
153.00 153.00 153.00
153.00 153.00 153.00
153.00 153.00 153.00
153.00 153.00 153.00
153.00 153.00 153.00
153.00 153.00 153.00
153.00 153.00 153.00
153.00 153.00 153.00
153.00 153.00 153.00
153.00 153.00 153.00
153.00 153.00 153.00
153.00 153.00 153.00
153.00 153.00 153.00
170.00 170.00 85.00
170.00 170.00 85.00
170.00 170.00 85.00
170.00 170.00 85.00
170.00 170.00 85.00
170.00 170.00 85.00
170.00 170.00 85.00
170.00 170.00 85.00
170.00 170.00 85.00
170.00 170.00 85.00
170.00 170.00 85.00
170.00 170.00 85.00
170.00 170.00 85.00
170.00 170.00 85.00
170.00 170.00 85.00
170.00 170.00 85.00
191.25 127.50 63.75
191.25 127.50 63.75
191.25 127.50 63.75
191.25 127.50 63.75
191.25 127.50 63.75
191.25 127.50 63.75
191.25 127.50 63.75
191.25 127.50 63.75
191.25 127.50 63.75
191.25 127.50 63.75
191.25 127.50 63.75
191.25 127.50 63.75
191.25 127.50 63.75
191.25 127.50 63.75
191.25 127.50 63.75
191.25 127.50 63.75
170.00 127.50 85.00
170.00 127.50 85.00
170.00 127.50 85.00
170.00 127.50 85.00
170.00 127.50 85.00
170.00 127.50 85.00
170.00 127.50 85.00
170.00 127.50 85.00
170.00 127.50 85.00
170.00 127.50 85.00
170.00 127.50 85.00
170.00 127.50 85.00
170.00 127.50 85.00
170.00 127.50 85.00
170.00 127.50 85.00
170.00 127.50 85.00
170.00 127.50 85.00
182.14 109.29 72.86
182.14 109.29 72.86
182.14 109.29 72.86
182.14 109.29 72.86
182.14 109.29 72.86
182.14 109.29 72.86
182.14 109.29 72.86
182.14 109.29 72.86
182.14 109.29 72.86
182.14 109.29 72.86
182.14 109.29 72.86
182.14 109.29 72.86
182.14 109.29 72.86
182.14 109.29 72.86
182.14 109.29 72.86
182.14 109.29 72.86
170.00 127.50 85.00
170.00 127.50 85.00
170.00 127.50 85.00
170.00 127.50 85.00
170.00 127.50 85.00
170.00 127.50 85.00
170.00 127.50 85.00
170.00 127.50 85.00
170.00 127.50 85.00
170.00 127.50 85.00
170.00 127.50 85.00
170.00 127.50 85.00
170.00 127.50 85.00
170.00 127.50 85.00
170.00 127.50 85.00
170.00 127.50 85.00
153.00 102.00 51.00
153.00 102.00 51.00
153.00 102.00 51.00
153.00 102.00 51.00
153.00 102.00 51.00
153.00 102.00 51.00
153.00 102.00 51.00
153.00 102.00 51.00
153.00 102.00 51.00
153.00 102.00 51.00
153.00 102.00 51.00
153.00 102.00 51.00
153.00 102.00 51.00
153.00 102.00 51.00
153.00 102.00 51.00
170.00 170.00 85.00
170.00 170.00 85.00
170.00 170.00 85.00
170.00 170.00 85.00
170.00 170.00 85.00
170.00 170.00 85.00
170.00 170.00 85.00
170.00 170.00 85.00
170.00 170.00 85.00
170.00 170.00 85.00
170.00 170.00 85.00
170.00 170.00 85.00
170.00 170.00 85.00
170.00 170.00 85.00
170.00 170.00 85.00
170.00 170.00 85.00
170.00 170.00 170.00
170.00 170.00 170.00
170.00 170.00 170.00
170.00 170.00 170.00
170.00 170.00 170.00
170.00 170.00 170.00
170.00 170.00 170.00
170.00 170.00 170.00
170.00 170.00 170.00
170.00 170.00 170.00
170.00 170.00 170.00
170.00 170.00 170.00
170.00 170.00 170.00
170.00 170.00 170.00
170.00 170.00 170.00
170.00 170.00 170.00
153.00 153.00 178.50
153.00 153.00 178.50
153.00 153.00 178.50
153.00 153.00 178.50
153.00 153.00 178.50
153.00 153.00 178.50
153.00 153.00 178.50
153.00 153.00 178.50
153.00 153.00 178.50
153.00 153.00 178.50
153.00 153.00 178.50
153.00 153.00 178.50
153.00 153.00 178.50
153.00 153.00 178.50
153.00 153.00 178.50
153.00 153.00 178.50
170.00 148.75 170.00
156.92 137.31 156.92
156.92 137.31 156.92
156.92 137.31 156.92
156.92 137.31 156.92
156.92 137.31 156.92
156.92 137.31 156.92
156.92 137.31 156.92
156.92 137.31 156.92
156.92 137.31 156.92
156.92 137.31 156.92
156.92 137.31 156.92
156.92 137.31 156.92
156.92 137.31 156.92
156.92 137.31 156.92
156.92 137.31 156.92
156.92 137.31 156.92
156.92 137.31 156.92
145.71 182.14 182.14
145.71 182.14 182.14
145.71 182.14 182.14
145.71 182.14 182.14
145.71 182.14 182.14
145.71 182.14 182.14
145.71 182.14 182.14
145.71 182.14 182.14
145.71 182.14 182.14
145.71 182.14 182.14
145.71 182.14 182.14
145.71 182.14 182.14
145.71 182.14 182.14
145.71 182.14 182.14
145.71 182.14 182.14
145.71 182.14 182.14
170.00 170.00 85.00
170.00 170.00 85.00
170.00 170.00 85.00
170.00 170.00 85.00
170.00 170.00 85.00
170.00 170.00 85.00
170.00 170.00 85.00
170.00 170.00 85.00
170.00 170.00 85.00
170.00 170.00 85.00
170.00 170.00 85.00
170.00 170.00 85.00
170.00 170.00 85.00
170.00 170.00 85.00
170.00 170.00 85.00
170.00 170.00 85.00
153.00 102.00 51.00
153.00 102.00 51.00
153.00 102.00 51.00
153.00 102.00 51.00
153.00 102.00 51.00
153.00 102.00 51.00
153.00 102.00 51.00
153.00 102.00 51.00
153.00 102.00 51.00
153.00 102.00 51.00
153.00 102.00 51.00
153.00 102.00 51.00
153.00 102.00 51.00
153.00 102.00 51.00
153.00 102.00 51.00
153.00 102.00 51.00
170.00 127.50 85.00
170.00 127.50 85.00
170.00 127.50 85.00
170.00 127.50 85.00
170.00 127.50 85.00
170.00 127.50 85.00
170.00 127.50 85.00
170.00 127.50 85.00
170.00 127.50 85.00
170.00 127.50 85.00
170.00 127.50 85.00
170.00 127.50 85.00
170.00 127.50 85.00
170.00 127.50 85.00
170.00 127.50 85.00
170.00 127.50 85.00
182.14 145.71 72.86
182.14 145.71 72.86
182.14 145.71 72.86
182.14 145.71 72.86
182.14 145.71 72.86
182.14 145.71 72.86
182.14 145.71 72.86
182.14 145.71 72.86
182.14 145.71 72.86
182.14 145.71 72.86
182.14 145.71 72.86
182.14 145.71 72.86
182.14 145.71 72.86
182.14 145.71 72.86
182.14 145.71 72.86
182.14 145.71 72.86
170.00 127.50 85.00
170.00 127.50 85.00
170.00 127.50 85.00
170.00 127.50 85.00
170.00 127.50 85.00
170.00 127.50 85.00
170.00 127.50 85.00
170.00 127.50 85.00
170.00 127.50 85.00
170.00 127.50 85.00
170.00 127.50 85.00
170.00 127.50 85.00
170.00 127.50 85.00
170.00 127.50 85.00
170.00 127.50 85.00
170.00 127.50 85.00
170.00 127.50 85.00
153.00 102.00 51.00
153.00 102.00 51.00
153.00 102.00 51.00
153.00 102.00 51.00
153.00 102.00 51.00
153.00 102.00 51.00
153.00 102.00 51.00
153.00 102.00 51.00
153.00 102.00 51.00
153.00 102.00 51.00
153.00 102.00 51.00
153.00 102.00 51.00
153.00 102.00 51.00
153.00 102.00 51.00
153.00 102.00 51.00
153.00 102.00 51.00
170.00 170.00 85.00
170.00 170.00 85.00
170.00 170.00 85.00
170.00 170.00 85.00
170.00 170.00 85.00
170.00 170.00 85.00
170.00 170.00 85.00
170.00 170.00 85.00
170.00 170.00 85.00
170.00 170.00 85.00
170.00 170.00 85.00
170.00 170.00 85.00
170.00 170.00 85.00
145.71 182.14 182.14
145.71 182.14 182.14
145.71 182.14 182.14
145.71 182.14 182.14
145.71 182.14 182.14
145.71 182.14 182.14
145.71 182.14 182.14
145.71 182.14 182.14
145.71 182.14 182.14
145.71 182.14 182.14
145.71 182.14 182.14
145.71 182.14 182.14
145.71 182.14 182.14
145.71 182.14 182.14
145.71 182.14 182.14
145.71 182.14 182.14
170.00 148.75 148.75
170.00 148.75 148.75
170.00 148.75 148.75
170.00 148.75 148.75
170.00 148.75 148.75
170.00 148.75 148.75
170.00 148.75 148.75
170.00 148.75 148.75
170.00 148.75 148.75
170.00 148.75 148.75
170.00 148.75 148.75
170.00 148.75 148.75
170.00 148.75 148.75
170.00 148.75 148.75
170.00 148.75 148.75
170.00 148.75 148.75
145.71 182.14 182.14
145.71 182.14 182.14
145.71 182.14 182.14
145.71 182.14 182.14
145.71 182.14 182.14
145.71 182.14 182.14
145.71 182.14 182.14
145.71 182.14 182.14
145.71 182.14 182.14
145.71 182.14 182.14
145.71 182.14 182.14
145.71 182.14 182.14
145.71 182.14 182.14
145.71 182.14 182.14
145.71 182.14 182.14
145.71 182.14 182.14
145.71 182.14 182.14
170.00 170.00 85.00
170.00 170.00 85.00
170.00 170.00 85.00
170.00 170.00 85.00
170.00 170.00 85.00
170.00 170.00 85.00
170.00 170.00 85.00
170.00 170.00 85.00
170.00 170.00 85.00
170.00 170.00 85.00
170.00 170.00 85.00
170.00 170.00 85.00
170.00 170.00 85.00
170.00 170.00 85.00
170.00 170.00 85.00
170.00 170.00 85.00
153.00 102.00 51.00
153.00 102.00 51.00
153.00 102.00 51.00
153.00 102.00 51.00
153.00 102.00 51.00
153.00 102.00 51.00
153.00 102.00 51.00
153.00 102.00 51.00
153.00 102.00 51.00
153.00 102.00 51.00
153.00 102.00 51.00
153.00 102.00 51.00
153.00 102.00 51.00
153.00 102.00 51.00
153.00 102.00 51.00
153.00 102.00 51.00
170.00 127.50 85.00
170.00 127.50 85.00
170.00 127.50 85.00
170.00 127.50 85.00
170.00 127.50 85.00
170.00 127.50 85.00
170.00 127.50 85.00
170.00 127.50 85.00
170.00 127.50 85.00
170.00 127.50 85.00
170.00 127.50 85.00
170.00 127.50 85.00
170.00 127.50 85.00
170.00 127.50 85.00
170.00 127.50 85.00
170.00 127.50 85.00
145.71 109.29 72.86
145.71 109.29 72.86
145.71 109.29 72.86
145.71 109.29 72.86
145.71 109.29 72.86
145.71 109.29 72.86
145.71 109.29 72.86
145.71 109.29 72.86
145.71 109.29 72.86
145.71 109.29 72.86
145.71 109.29 72.86
145.71 109.29 72.86
145.71 109.29 72.86
145.71 109.29 72.86
145.71 109.29 72.86
145.71 109.29 72.86
145.71 109.29 72.86
204.00 153.00 102.00
204.00 153.00 102.00
204.00 153.00 102.00
204.00 153.00 102.00
204.00 153.00 102.00
204.00 153.00 102.00
204.00 153.00 102.00
204.00 153.00 102.00
204.00 153.00 102.00
204.00 153.00 102.00
204.00 153.00 102.00
204.00 153.00 102.00
204.00 153.00 102.00
204.00 153.00 102.00
204.00 153.00 102.00
204.00 153.00 102.00
191.25 127.50 63.75
191.25 127.50 63.75
191.25 127.50 63.75
191.25 127.50 63.75
191.25 127.50 63.75
191.25 127.50 63.75
191.25 127.50 63.75
191.25 127.50 63.75
191.25 127.50 63.75
191.25 127.50 63.75
191.25 127.50 63.75
191.25 127.50 63.75
191.25 127.50 63.75
191.25 127.50 63.75
191.25 127.50 63.75
191.25 127.50 63.75
127.50 191.25 127.50
127.50 191.25 127.50
127.50 191.25 127.50
127.50 191.25 127.50
127.50 191.25 127.50
127.50 191.25 127.50
127.50 191.25 127.50
127.50 191.25 127.50
127.50 191.25 127.50
127.50 191.25 127.50
127.50 191.25 127.50
127.50 191.25 127.50
127.50 191.25 127.50
127.50 191.25 127.50
127.50 191.25 127.50
127.50 191.25 127.50
170.00 170.00 170.00
170.00 170.00 170.00
170.00 170.00 170.00
170.00 170.00 170.00
170.00 170.00 170.00
170.00 170.00 170.00
170.00 170.00 170.00
170.00 170.00 170.00
170.00 170.00 170.00
170.00 170.00 170.00
170.00 170.00 170.00
170.00 170.00 170.00
170.00 170.00 170.00
170.00 170.00 170.00
170.00 170.00 170.00
170.00 170.00 170.00
170.00 170.00 170.00
170.00 148.75 148.75
170.00 148.75 148.75
170.00 148.75 148.75
170.00 148.75 148.75
170.00 148.75 148.75
170.00 148.75 148.75
170.00 148.75 148.75
170.00 148.75 148.75
170.00 148.75 148.75
170.00 148.75 148.75
170.00 148.75 148.75
170.00 148.75 148.75
170.00 148.75 148.75
170.00 148.75 148.75
170.00 148.75 148.75
170.00 148.75 148.75
170.00 170.00 170.00
170.00 170.00 170.00
170.00 170.00 170.00
170.00 170.00 170.00
170.00 170.00 170.00
170.00 170.00 170.00
170.00 170.00 170.00
170.00 170.00 170.00
170.00 170.00 170.00
170.00 170.00 170.00
170.00 170.00 170.00
170.00 170.00 170.00
170.00 170.00 170.00
170.00 170.00 170.00
170.00 170.00 170.00
170.00 170.00 170.00
170.00 170.00 170.00
127.50 170.00 212.50
127.50 170.00 212.50
127.50 170.00 212.50
127.50 170.00 212.50
127.50 170.00 212.50
127.50 170.00 212.50
127.50 170.00 212.50
127.50 170.00 212.50
127.50 170.00 212.50
127.50 170.00 212.50
127.50 170.00 212.50
127.50 170.00 212.50
127.50 170.00 212.50
127.50 170.00 212.50
127.50 170.00 212.50
127.50 170.00 212.50
170.00 170.00 85.00
170.00 170.00 85.00
170.00 170.00 85.00
170.00 170.00 85.00
170.00 170.00 85.00
170.00 170.00 85.00
170.00 170.00 85.00
170.00 170.00 85.00
170.00 170.00 85.00
170.00 170.00 85.00
170.00 170.00 85.00
170.00 170.00 85.00
170.00 170.00 85.00
170.00 170.00 85.00
170.00 170.00 85.00
170.00 170.00 85.00
127.50 127.50 63.75
127.50 127.50 63.75
127.50 127.50 63.75
127.50 127.50 63.75
127.50 127.50 63.75
127.50 127.50 63.75
127.50 127.50 63.75
127.50 127.50 63.75
127.50 127.50 63.75
127.50 127.50 63.75
127.50 127.50 63.75
127.50 127.50 63.75
127.50 127.50 63.75
127.50 127.50 63.75
127.50 127.50 63.75
127.50 127.50 63.75
170.00 127.50 85.00
170.00 127.50 85.00
170.00 127.50 85.00
170.00 127.50 85.00
170.00 127.50 85.00
170.00 127.50 85.00
170.00 127.50 85.00
170.00 127.50 85.00
170.00 127.50 85.00
170.00 127.50 85.00
170.00 127.50 85.00
170.00 127.50 85.00
170.00 127.50 85.00
170.00 127.50 85.00
170.00 127.50 85.00
170.00 127.50 85.00
170.00 127.50 85.00
170.00 127.50 85.00
170.00 127.50 85.00
170.00 127.50 85.00
170.00 127.50 85.00
170.00 127.50 85.00
170.00 127.50 85.00
170.00 127.50 85.00
170.00 127.50 85.00
170.00 127.50 85.00
170.00 127.50 85.00
170.00 127.50 85.00
170.00 127.50 85.00
170.00 127.50 85.00
170.00 127.50 85.00
170.00 127.50 85.00
145.71 145.71 109.29
145.71 145.71 109.29
145.71 145.71 109.29
145.71 145.71 109.29
145.71 145.71 109.29
145.71 145.71 109.29
145.71 145.71 109.29
145.71 145.71 109.29
145.71 145.71 109.29
145.71 145.71 109.29
145.71 145.71 109.29
145.71 145.71 109.29
145.71 145.71 109.29
145.71 145.71 109.29
145.71 145.71 109.29
145.71 145.71 109.29
145.71 145.71 109.29
145.71 145.71 109.29
145.71 145.71 109.29
145.71 145.71 109.29
182.14 145.71 109.29
182.14 145.71 109.29
182.14 145.71 109.29
182.14 145.71 109.29
182.14 145.71 109.29
182.14 145.71 109.29
182.14 145.71 109.29
182.14 145.71 109.29
182.14 145.71 109.29
182.14 145.71 109.29
182.14 145.71 109.29
182.14 145.71 109.29
182.14 145.71 109.29
182.14 145.71 109.29
182.14 145.71 109.29
182.14 145.71 109.29
182.14 145.71 109.29
182.14 145.71 109.29
182.14 145.71 109.29
182.14 145.71 109.29
182.14 145.71 109.29
182.14 145.71 109.29
182.14 145.71 109.29
145.71 145.71 109.29
145.71 145.71 109.29
145.71 145.71 109.29
145.71 145.71 109.29
145.71 145.71 109.29
145.71 145.71 109.29
145.71 145.71 109.29
145.71 145.71 109.29
145.71 145.71 109.29
145.71 145.71 109.29
145.71 145.71 109.29
145.71 145.71 109.29
145.71 145.71 109.29
145.71 145.71 109.29
145.71 145.71 109.29
145.71 145.71 109.29
153.00 127.50 102.00
153.00 127.50 102.00
153.00 127.50 102.00
153.00 127.50 102.00
153.00 127.50 102.00
153.00 127.50 102.00
153.00 127.50 102.00
153.00 127.50 102.00
153.00 127.50 102.00
153.00 127.50 102.00
153.00 127.50 102.00
153.00 127.50 102.00
153.00 127.50 102.00
153.00 127.50 102.00
153.00 127.50 102.00
153.00 127.50 102.00
153.00 127.50 102.00
145.71 182.14 109.29
145.71 182.14 109.29
145.71 182.14 109.29
145.71 182.14 109.29
145.71 182.14 109.29
145.71 182.14 109.29
145.71 182.14 109.29
145.71 182.14 109.29
145.71 182.14 109.29
145.71 182.14 109.29
145.71 182.14 109.29
145.71 182.14 109.29
145.71 182.14 109.29
145.71 182.14 109.29
145.71 182.14 109.29
145.71 182.14 109.29
153.00 153.00 102.00
153.00 153.00 102.00
153.00 153.00 102.00
153.00 153.00 102.00
153.00 153.00 102.00
153.00 153.00 102.00
153.00 153.00 102.00
153.00 153.00 102.00
153.00 153.00 102.00
153.00 153.00 102.00
153.00 153.00 102.00
153.00 153.00 102.00
153.00 153.00 102.00
153.00 153.00 102.00
153.00 153.00 102.00
153.00 153.00 102.00
182.14 182.14 109.29
182.14 182.14 109.29
182.14 182.14 109.29
182.14 182.14 109.29
182.14 182.14 109.29
182.14 182.14 109.29
182.14 182.14 109.29
182.14 182.14 109.29
182.14 182.14 109.29
182.14 182.14 109.29
182.14 182.14 109.29
182.14 182.14 109.29
182.14 182.14 109.29
182.14 182.14 109.29
182.14 182.14 109.29
182.14 182.14 109.29
141.67 141.67 113.33
141.67 141.67 113.33
141.67 141.67 113.33
141.67 141.67 113.33
141.67 141.67 113.33
141.67 141.67 113.33
141.67 141.67 113.33
141.67 141.67 113.33
141.67 141.67 113.33
141.67 141.67 113.33
141.67 141.67 113.33
141.67 141.67 113.33
141.67 141.67 113.33
141.67 141.67 113.33
141.67 141.67 113.33
141.67 141.67 113.33
153.00 153.00 102.00
153.00 153.00 102.00
153.00 153.00 102.00
153.00 153.00 102.00
153.00 153.00 102.00
153.00 153.00 102.00
153.00 153.00 102.00
153.00 153.00 102.00
153.00 153.00 102.00
153.00 153.00 102.00
153.00 153.00 102.00
153.00 153.00 102.00
153.00 153.00 102.00
153.00 153.00 102.00
153.00 153.00 102.00
153.00 153.00 102.00
153.00 153.00 102.00
153.00 204.00 102.00
153.00 204.00 102.00
153.00 204.00 102.00
153.00 204.00 102.00
153.00 204.00 102.00
153.00 204.00 102.00
153.00 204.00 102.00
153.00 204.00 102.00
153.00 204.00 102.00
153.00 204.00 102.00
153.00 204.00 102.00
153.00 204.00 102.00
153.00 204.00 102.00
153.00 204.00 102.00
153.00 204.00 102.00
153.00 204.00 102.00
111.56 143.44 111.56
111.56 143.44 111.56
111.56 143.44 111.56
111.56 143.44 111.56
111.56 143.44 111.56
111.56 143.44 111.56
111.56 143.44 111.56
111.56 143.44 111.56
111.56 143.44 111.56
111.56 143.44 111.56
111.56 143.44 111.56
111.56 143.44 111.56
111.56 143.44 111.56
111.56 143.44 111.56
111.56 143.44 111.56
111.56 143.44 111.56
95.62 159.38 127.50
95.62 159.38 127.50
95.62 159.38 127.50
95.62 159.38 127.50
95.62 159.38 127.50
95.62 159.38 127.50
95.62 159.38 127.50
95.62 159.38 127.50
95.62 159.38 127.50
95.62 159.38 127.50
95.62 159.38 127.50
95.62 159.38 127.50
95.62 159.38 127.50
95.62 159.38 127.50
95.62 159.38 127.50
95.62 159.38 127.50
95.62 159.38 127.50
127.50 127.50 63.75
127.50 127.50 63.75
127.50 127.50 63.75
127.50 127.50 63.75
127.50 127.50 63.75
127.50 127.50 63.75
127.50 127.50 63.75
127.50 127.50 63.75
127.50 127.50 63.75
127.50 127.50 63.75
127.50 127.50 63.75
127.50 127.50 63.75
127.50 127.50 63.75
127.50 127.50 63.75
127.50 127.50 63.75
127.50 127.50 63.75
153.00 102.00 51.00
153.00 102.00 51.00
153.00 102.00 51.00
153.00 102.00 51.00
153.00 102.00 51.00
153.00 102.00 51.00
153.00 102.00 51.00
153.00 102.00 51.00
153.00 102.00 51.00
153.00 102.00 51.00
153.00 102.00 51.00
153.00 102.00 51.00
153.00 102.00 51.00
153.00 102.00 51.00
153.00 102.00 51.00
153.00 102.00 51.00
153.00 102.00 51.00
153.00 102.00 51.00
153.00 102.00 51.00
153.00 102.00 51.00
153.00 102.00 51.00
153.00 102.00 51.00
153.00 102.00 51.00
153.00 102.00 51.00
153.00 102.00 51.00
153.00 102.00 51.00
153.00 102.00 51.00
153.00 102.00 51.00
153.00 102.00 51.00
153.00 102.00 51.00
153.00 102.00 51.00
153.00 102.00 51.00
170.00 170.00 85.00
170.00 170.00 85.00
170.00 170.00 85.00
170.00 170.00 85.00
170.00 170.00 85.00
170.00 170.00 85.00
170.00 170.00 85.00
170.00 170.00 85.00
170.00 170.00 85.00
170.00 170.00 85.00
170.00 170.00 85.00
170.00 170.00 85.00
170.00 170.00 85.00
170.00 170.00 85.00
170.00 170.00 85.00
170.00 170.00 85.00
170.00 170.00 85.00
