163.93 109.29 109.29
163.93 109.29 109.29
163.93 109.29 109.29
163.93 109.29 109.29
163.93 109.29 109.29
163.93 109.29 109.29
163.93 109.29 109.29
163.93 109.29 109.29
163.93 109.29 109.29
163.93 109.29 109.29
163.93 109.29 109.29
163.93 109.29 109.29
163.93 109.29 109.29
163.93 109.29 109.29
163.93 109.29 109.29
163.93 109.29 109.29
170.00 119.00 102.00
170.00 119.00 102.00
170.00 119.00 102.00
170.00 119.00 102.00
170.00 119.00 102.00
170.00 119.00 102.00
170.00 119.00 102.00
170.00 119.00 102.00
170.00 119.00 102.00
170.00 119.00 102.00
170.00 119.00 102.00
170.00 119.00 102.00
170.00 119.00 102.00
170.00 119.00 102.00
170.00 119.00 102.00
170.00 119.00 102.00
170.00 119.00 102.00
170.00 119.00 85.00
170.00 119.00 85.00
170.00 119.00 85.00
170.00 119.00 85.00
170.00 119.00 85.00
170.00 119.00 85.00
170.00 119.00 85.00
170.00 119.00 85.00
170.00 119.00 85.00
170.00 119.00 85.00
170.00 119.00 85.00
170.00 119.00 85.00
170.00 119.00 85.00
170.00 119.00 85.00
170.00 119.00 85.00
170.00 119.00 85.00
163.93 109.29 91.07
163.93 109.29 91.07
163.93 109.29 91.07
163.93 109.29 91.07
163.93 109.29 91.07
163.93 109.29 91.07
163.93 109.29 91.07
163.93 109.29 91.07
163.93 109.29 91.07
163.93 109.29 91.07
163.93 109.29 91.07
163.93 109.29 91.07
163.93 109.29 91.07
163.93 109.29 91.07
163.93 109.29 91.07
163.93 109.29 91.07
156.92 117.69 78.46
156.92 117.69 78.46
156.92 117.69 78.46
156.92 117.69 78.46
156.92 117.69 78.46
156.92 117.69 78.46
156.92 117.69 78.46
156.92 117.69 78.46
156.92 117.69 78.46
156.92 117.69 78.46
156.92 117.69 78.46
156.92 117.69 78.46
156.92 117.69 78.46
156.92 117.69 78.46
156.92 117.69 78.46
156.92 117.69 78.46
156.92 117.69 78.46
153.00 127.50 102.00
153.00 127.50 102.00
153.00 127.50 102.00
153.00 127.50 102.00
153.00 127.50 102.00
153.00 127.50 102.00
153.00 127.50 102.00
153.00 127.50 102.00
153.00 127.50 102.00
153.00 127.50 102.00
153.00 127.50 102.00
153.00 127.50 102.00
153.00 127.50 102.00
153.00 127.50 102.00
153.00 127.50 102.00
153.00 127.50 102.00
159.38 127.50 95.62
159.38 127.50 95.62
159.38 127.50 95.62
159.38 127.50 95.62
159.38 127.50 95.62
159.38 127.50 95.62
159.38 127.50 95.62
159.38 127.50 95.62
159.38 127.50 95.62
159.38 127.50 95.62
159.38 127.50 95.62
159.38 127.50 95.62
159.38 127.50 95.62
159.38 127.50 95.62
159.38 127.50 95.62
159.38 127.50 95.62
182.14 109.29 72.86
182.14 109.29 72.86
182.14 109.29 72.86
182.14 109.29 72.86
182.14 109.29 72.86
182.14 109.29 72.86
182.14 109.29 72.86
182.14 109.29 72.86
182.14 109.29 72.86
182.14 109.29 72.86
182.14 109.29 72.86
182.14 109.29 72.86
182.14 109.29 72.86
182.14 109.29 72.86
182.14 109.29 72.86
182.14 109.29 72.86
182.14 109.29 72.86
182.14 109.29 72.86
182.14 109.29 72.86
182.14 109.29 72.86
182.14 109.29 72.86
182.14 109.29 72.86
182.14 109.29 72.86
182.14 109.29 72.86
182.14 109.29 72.86
182.14 109.29 72.86
182.14 109.29 72.86
182.14 109.29 72.86
182.14 109.29 72.86
182.14 109.29 72.86
182.14 109.29 72.86
182.14 109.29 72.86
182.14 109.29 72.86
182.14 109.29 72.86
182.14 109.29 72.86
182.14 109.29 72.86
182.14 109.29 72.86
182.14 109.29 72.86
182.14 109.29 72.86
182.14 109.29 72.86
182.14 109.29 72.86
182.14 109.29 72.86
182.14 109.29 72.86
182.14 109.29 72.86
182.14 109.29 72.86
182.14 109.29 72.86
182.14 109.29 72.86
182.14 109.29 72.86
182.14 109.29 72.86
182.14 109.29 72.86
182.14 109.29 72.86
182.14 109.29 72.86
182.14 109.29 72.86
182.14 109.29 72.86
182.14 109.29 72.86
182.14 109.29 72.86
182.14 109.29 72.86
182.14 109.29 72.86
182.14 109.29 72.86
182.14 109.29 72.86
182.14 109.29 72.86
182.14 109.29 72.86
182.14 109.29 72.86
182.14 109.29 72.86
182.14 109.29 72.86
182.14 109.29 72.86
182.14 109.29 72.86
182.14 109.29 72.86
182.14 109.29 72.86
182.14 109.29 72.86
182.14 109.29 72.86
182.14 109.29 72.86
182.14 109.29 72.86
182.14 109.29 72.86
182.14 109.29 72.86
182.14 109.29 72.86
182.14 109.29 72.86
182.14 109.29 72.86
182.14 109.29 72.86
182.14 109.29 72.86
182.14 109.29 72.86
182.14 109.29 72.86
182.14 109.29 72.86
182.14 109.29 72.86
182.14 109.29 72.86
182.14 109.29 72.86
182.14 109.29 72.86
182.14 109.29 72.86
182.14 109.29 72.86
182.14 109.29 72.86
182.14 109.29 72.86
182.14 145.71 109.29
182.14 145.71 109.29
182.14 145.71 109.29
182.14 145.71 109.29
182.14 145.71 109.29
182.14 145.71 109.29
182.14 145.71 109.29
182.14 145.71 109.29
182.14 145.71 109.29
182.14 145.71 109.29
182.14 145.71 109.29
182.14 145.71 109.29
182.14 145.71 109.29
182.14 145.71 109.29
182.14 145.71 109.29
182.14 145.71 109.29
170.00 113.33 85.00
170.00 113.33 85.00
170.00 113.33 85.00
170.00 113.33 85.00
170.00 113.33 85.00
170.00 113.33 85.00
170.00 113.33 85.00
170.00 113.33 85.00
170.00 113.33 85.00
170.00 113.33 85.00
170.00 113.33 85.00
170.00 113.33 85.00
170.00 113.33 85.00
170.00 113.33 85.00
170.00 113.33 85.00
170.00 113.33 85.00
170.00 113.33 85.00
170.00 127.50 85.00
170.00 127.50 85.00
170.00 127.50 85.00
170.00 127.50 85.00
170.00 127.50 85.00
170.00 127.50 85.00
170.00 127.50 85.00
170.00 127.50 85.00
170.00 127.50 85.00
170.00 127.50 85.00
170.00 127.50 85.00
170.00 127.50 85.00
170.00 127.50 85.00
170.00 127.50 85.00
170.00 127.50 85.00
170.00 127.50 85.00
163.93 109.29 91.07
163.93 109.29 91.07
163.93 109.29 91.07
163.93 109.29 91.07
163.93 109.29 91.07
163.93 109.29 91.07
163.93 109.29 91.07
163.93 109.29 91.07
163.93 109.29 91.07
163.93 109.29 91.07
163.93 109.29 91.07
163.93 109.29 91.07
163.93 109.29 91.07
163.93 109.29 91.07
163.93 109.29 91.07
163.93 109.29 91.07
176.54 117.69 98.08
176.54 117.69 98.08
176.54 117.69 98.08
176.54 117.69 98.08
176.54 117.69 98.08
176.54 117.69 98.08
176.54 117.69 98.08
176.54 117.69 98.08
176.54 117.69 98.08
176.54 117.69 98.08
176.54 117.69 98.08
176.54 117.69 98.08
176.54 117.69 98.08
176.54 117.69 98.08
176.54 117.69 98.08
176.54 117.69 98.08
176.54 117.69 98.08
176.54 117.69 78.46
176.54 117.69 78.46
176.54 117.69 78.46
176.54 117.69 78.46
176.54 117.69 78.46
176.54 117.69 78.46
176.54 117.69 78.46
176.54 117.69 78.46
176.54 117.69 78.46
176.54 117.69 78.46
176.54 117.69 78.46
176.54 117.69 78.46
176.54 117.69 78.46
176.54 117.69 78.46
176.54 117.69 78.46
176.54 117.69 78.46
170.00 106.25 85.00
170.00 106.25 85.00
170.00 106.25 85.00
170.00 106.25 85.00
170.00 106.25 85.00
170.00 106.25 85.00
170.00 106.25 85.00
170.00 106.25 85.00
170.00 106.25 85.00
170.00 106.25 85.00
170.00 106.25 85.00
170.00 106.25 85.00
170.00 106.25 85.00
170.00 106.25 85.00
170.00 106.25 85.00
170.00 106.25 85.00
153.00 127.50 102.00
153.00 127.50 102.00
153.00 127.50 102.00
153.00 127.50 102.00
153.00 127.50 102.00
153.00 127.50 102.00
153.00 127.50 102.00
153.00 127.50 102.00
153.00 127.50 102.00
153.00 127.50 102.00
153.00 127.50 102.00
153.00 127.50 102.00
153.00 127.50 102.00
153.00 127.50 102.00
153.00 127.50 102.00
153.00 127.50 102.00
153.00 127.50 102.00
159.38 127.50 95.62
159.38 127.50 95.62
159.38 127.50 95.62
159.38 127.50 95.62
159.38 127.50 95.62
159.38 127.50 95.62
159.38 127.50 95.62
159.38 127.50 95.62
159.38 127.50 95.62
159.38 127.50 95.62
159.38 127.50 95.62
159.38 127.50 95.62
159.38 127.50 95.62
159.38 127.50 95.62
159.38 127.50 95.62
159.38 127.50 95.62
170.00 127.50 85.00
170.00 127.50 85.00
170.00 127.50 85.00
170.00 127.50 85.00
170.00 127.50 85.00
170.00 127.50 85.00
170.00 127.50 85.00
170.00 127.50 85.00
170.00 127.50 85.00
170.00 127.50 85.00
170.00 127.50 85.00
170.00 127.50 85.00
170.00 127.50 85.00
170.00 127.50 85.00
170.00 127.50 85.00
170.00 127.50 85.00
170.00 127.50 85.00
170.00 127.50 85.00
170.00 127.50 85.00
170.00 127.50 85.00
170.00 127.50 85.00
170.00 127.50 85.00
170.00 127.50 85.00
170.00 127.50 85.00
170.00 127.50 85.00
170.00 127.50 85.00
170.00 127.50 85.00
170.00 127.50 85.00
170.00 127.50 85.00
170.00 127.50 85.00
170.00 127.50 85.00
182.14 109.29 72.86
182.14 109.29 72.86
182.14 109.29 72.86
182.14 109.29 72.86
182.14 109.29 72.86
182.14 109.29 72.86
182.14 109.29 72.86
182.14 109.29 72.86
182.14 109.29 72.86
182.14 109.29 72.86
182.14 109.29 72.86
182.14 109.29 72.86
182.14 109.29 72.86
182.14 109.29 72.86
182.14 109.29 72.86
170.00 127.50 85.00
170.00 127.50 85.00
170.00 127.50 85.00
170.00 127.50 85.00
170.00 127.50 85.00
170.00 127.50 85.00
170.00 127.50 85.00
170.00 127.50 85.00
170.00 127.50 85.00
170.00 127.50 85.00
170.00 127.50 85.00
170.00 127.50 85.00
170.00 127.50 85.00
170.00 127.50 85.00
170.00 127.50 85.00
170.00 127.50 85.00
170.00 127.50 127.50
170.00 127.50 127.50
170.00 127.50 127.50
170.00 127.50 127.50
170.00 127.50 127.50
170.00 127.50 127.50
170.00 127.50 127.50
170.00 127.50 127.50
170.00 127.50 127.50
170.00 127.50 127.50
170.00 127.50 127.50
170.00 127.50 127.50
170.00 127.50 127.50
170.00 127.50 127.50
170.00 127.50 127.50
170.00 127.50 127.50
170.00 113.33 85.00
170.00 113.33 85.00
170.00 113.33 85.00
170.00 113.33 85.00
170.00 113.33 85.00
170.00 113.33 85.00
170.00 113.33 85.00
170.00 113.33 85.00
170.00 113.33 85.00
170.00 113.33 85.00
170.00 113.33 85.00
170.00 113.33 85.00
170.00 113.33 85.00
170.00 113.33 85.00
170.00 113.33 85.00
170.00 113.33 85.00
170.00 113.33 85.00
170.00 106.25 85.00
170.00 106.25 85.00
170.00 106.25 85.00
170.00 106.25 85.00
170.00 106.25 85.00
170.00 106.25 85.00
170.00 106.25 85.00
170.00 106.25 85.00
170.00 106.25 85.00
170.00 106.25 85.00
170.00 106.25 85.00
170.00 106.25 85.00
170.00 106.25 85.00
170.00 106.25 85.00
170.00 106.25 85.00
170.00 106.25 85.00
163.93 109.29 91.07
163.93 109.29 91.07
163.93 109.29 91.07
163.93 109.29 91.07
163.93 109.29 91.07
163.93 109.29 91.07
163.93 109.29 91.07
163.93 109.29 91.07
163.93 109.29 91.07
163.93 109.29 91.07
163.93 109.29 91.07
163.93 109.29 91.07
163.93 109.29 91.07
163.93 109.29 91.07
163.93 109.29 91.07
163.93 109.29 91.07
163.93 109.29 91.07
170.00 127.50 85.00
170.00 127.50 85.00
170.00 127.50 85.00
170.00 127.50 85.00
170.00 127.50 85.00
170.00 127.50 85.00
170.00 127.50 85.00
170.00 127.50 85.00
170.00 127.50 85.00
170.00 127.50 85.00
170.00 127.50 85.00
170.00 127.50 85.00
170.00 127.50 85.00
170.00 127.50 85.00
170.00 127.50 85.00
153.00 127.50 102.00
153.00 127.50 102.00
153.00 127.50 102.00
153.00 127.50 102.00
153.00 127.50 102.00
153.00 127.50 102.00
153.00 127.50 102.00
153.00 127.50 102.00
153.00 127.50 102.00
153.00 127.50 102.00
153.00 127.50 102.00
153.00 127.50 102.00
153.00 127.50 102.00
153.00 127.50 102.00
153.00 127.50 102.00
153.00 127.50 102.00
153.00 127.50 102.00
159.38 127.50 95.62
159.38 127.50 95.62
159.38 127.50 95.62
159.38 127.50 95.62
159.38 127.50 95.62
159.38 127.50 95.62
159.38 127.50 95.62
159.38 127.50 95.62
159.38 127.50 95.62
159.38 127.50 95.62
159.38 127.50 95.62
159.38 127.50 95.62
159.38 127.50 95.62
159.38 127.50 95.62
159.38 127.50 95.62
159.38 127.50 95.62
145.71 109.29 109.29
145.71 109.29 109.29
145.71 109.29 109.29
145.71 109.29 109.29
145.71 109.29 109.29
145.71 109.29 109.29
145.71 109.29 109.29
145.71 109.29 109.29
145.71 109.29 109.29
145.71 109.29 109.29
145.71 109.29 109.29
145.71 109.29 109.29
145.71 109.29 109.29
145.71 109.29 109.29
145.71 109.29 109.29
145.71 109.29 109.29
170.00 127.50 85.00
170.00 127.50 85.00
170.00 127.50 85.00
170.00 127.50 85.00
170.00 127.50 85.00
170.00 127.50 85.00
170.00 127.50 85.00
170.00 127.50 85.00
170.00 127.50 85.00
170.00 127.50 85.00
170.00 127.50 85.00
170.00 127.50 85.00
170.00 127.50 85.00
170.00 127.50 85.00
170.00 127.50 85.00
170.00 127.50 85.00
170.00 127.50 85.00
182.14 109.29 109.29
182.14 109.29 109.29
182.14 109.29 109.29
182.14 109.29 109.29
182.14 109.29 109.29
182.14 109.29 109.29
182.14 109.29 109.29
182.14 109.29 109.29
182.14 109.29 109.29
182.14 109.29 109.29
182.14 109.29 109.29
182.14 109.29 109.29
182.14 109.29 109.29
182.14 109.29 109.29
182.14 109.29 109.29
182.14 109.29 109.29
182.14 109.29 109.29
145.71 109.29 72.86
145.71 109.29 72.86
145.71 109.29 72.86
145.71 109.29 72.86
145.71 109.29 72.86
145.71 109.29 72.86
145.71 109.29 72.86
145.71 109.29 72.86
145.71 109.29 72.86
145.71 109.29 72.86
145.71 109.29 72.86
145.71 109.29 72.86
145.71 109.29 72.86
145.71 109.29 72.86
145.71 109.29 72.86
145.71 109.29 72.86
182.14 109.29 109.29
182.14 109.29 109.29
182.14 109.29 109.29
182.14 109.29 109.29
182.14 109.29 109.29
182.14 109.29 109.29
182.14 109.29 109.29
182.14 109.29 109.29
182.14 109.29 109.29
182.14 109.29 109.29
182.14 109.29 109.29
182.14 109.29 109.29
182.14 109.29 109.29
182.14 109.29 109.29
182.14 109.29 109.29
182.14 109.29 109.29
153.00 127.50 76.50
153.00 127.50 76.50
153.00 127.50 76.50
153.00 127.50 76.50
153.00 127.50 76.50
153.00 127.50 76.50
153.00 127.50 76.50
153.00 127.50 76.50
153.00 127.50 76.50
153.00 127.50 76.50
153.00 127.50 76.50
153.00 127.50 76.50
153.00 127.50 76.50
153.00 127.50 76.50
153.00 127.50 76.50
153.00 127.50 76.50
163.93 109.29 91.07
163.93 109.29 91.07
163.93 109.29 91.07
163.93 109.29 91.07
163.93 109.29 91.07
163.93 109.29 91.07
163.93 109.29 91.07
163.93 109.29 91.07
163.93 109.29 91.07
163.93 109.29 91.07
163.93 109.29 91.07
163.93 109.29 91.07
163.93 109.29 91.07
163.93 109.29 91.07
163.93 109.29 91.07
163.93 109.29 91.07
163.93 109.29 91.07
163.93 109.29 91.07
163.93 109.29 91.07
163.93 109.29 91.07
163.93 109.29 91.07
163.93 109.29 91.07
163.93 109.29 91.07
163.93 109.29 91.07
163.93 109.29 91.07
163.93 109.29 91.07
163.93 109.29 91.07
163.93 109.29 91.07
163.93 109.29 91.07
163.93 109.29 91.07
163.93 109.29 91.07
163.93 109.29 91.07
163.93 109.29 91.07
176.54 117.69 78.46
176.54 117.69 78.46
176.54 117.69 78.46
176.54 117.69 78.46
176.54 117.69 78.46
176.54 117.69 78.46
176.54 117.69 78.46
176.54 117.69 78.46
176.54 117.69 78.46
176.54 117.69 78.46
176.54 117.69 78.46
176.54 117.69 78.46
176.54 117.69 78.46
176.54 117.69 78.46
176.54 117.69 78.46
176.54 117.69 78.46
176.54 117.69 78.46
162.27 115.91 92.73
162.27 115.91 92.73
162.27 115.91 92.73
162.27 115.91 92.73
162.27 115.91 92.73
162.27 115.91 92.73
162.27 115.91 92.73
162.27 115.91 92.73
162.27 115.91 92.73
162.27 115.91 92.73
162.27 115.91 92.73
162.27 115.91 92.73
162.27 115.91 92.73
162.27 115.91 92.73
162.27 115.91 92.73
162.27 115.91 92.73
159.38 127.50 95.62
159.38 127.50 95.62
159.38 127.50 95.62
159.38 127.50 95.62
159.38 127.50 95.62
159.38 127.50 95.62
159.38 127.50 95.62
159.38 127.50 95.62
159.38 127.50 95.62
159.38 127.50 95.62
159.38 127.50 95.62
159.38 127.50 95.62
159.38 127.50 95.62
159.38 127.50 95.62
159.38 127.50 95.62
159.38 127.50 95.62
182.14 145.71 109.29
182.14 145.71 109.29
182.14 145.71 109.29
182.14 145.71 109.29
182.14 145.71 109.29
182.14 145.71 109.29
182.14 145.71 109.29
182.14 145.71 109.29
182.14 145.71 109.29
182.14 145.71 109.29
182.14 145.71 109.29
182.14 145.71 109.29
182.14 145.71 109.29
182.14 145.71 109.29
182.14 145.71 109.29
182.14 145.71 109.29
182.14 145.71 109.29
178.50 127.50 102.00
178.50 127.50 102.00
178.50 127.50 102.00
178.50 127.50 102.00
178.50 127.50 102.00
178.50 127.50 102.00
178.50 127.50 102.00
178.50 127.50 102.00
178.50 127.50 102.00
178.50 127.50 102.00
178.50 127.50 102.00
178.50 127.50 102.00
178.50 127.50 102.00
178.50 127.50 102.00
178.50 127.50 102.00
178.50 127.50 102.00
156.92 117.69 78.46
156.92 117.69 78.46
156.92 117.69 78.46
156.92 117.69 78.46
156.92 117.69 78.46
156.92 117.69 78.46
156.92 117.69 78.46
156.92 117.69 78.46
156.92 117.69 78.46
156.92 117.69 78.46
156.92 117.69 78.46
156.92 117.69 78.46
156.92 117.69 78.46
156.92 117.69 78.46
156.92 117.69 78.46
156.92 117.69 78.46
170.00 106.25 85.00
170.00 106.25 85.00
170.00 106.25 85.00
170.00 106.25 85.00
170.00 106.25 85.00
170.00 106.25 85.00
170.00 106.25 85.00
170.00 106.25 85.00
170.00 106.25 85.00
170.00 106.25 85.00
170.00 106.25 85.00
170.00 106.25 85.00
170.00 106.25 85.00
170.00 106.25 85.00
170.00 106.25 85.00
170.00 106.25 85.00
162.27 115.91 92.73
162.27 115.91 92.73
162.27 115.91 92.73
162.27 115.91 92.73
162.27 115.91 92.73
162.27 115.91 92.73
162.27 115.91 92.73
162.27 115.91 92.73
162.27 115.91 92.73
162.27 115.91 92.73
162.27 115.91 92.73
162.27 115.91 92.73
162.27 115.91 92.73
162.27 115.91 92.73
162.27 115.91 92.73
162.27 115.91 92.73
162.27 115.91 92.73
162.27 139.09 92.73
162.27 139.09 92.73
162.27 139.09 92.73
162.27 139.09 92.73
162.27 139.09 92.73
162.27 139.09 92.73
162.27 139.09 92.73
162.27 139.09 92.73
162.27 139.09 92.73
162.27 139.09 92.73
162.27 139.09 92.73
162.27 139.09 92.73
162.27 139.09 92.73
162.27 139.09 92.73
162.27 139.09 92.73
162.27 139.09 92.73
159.38 111.56 79.69
159.38 111.56 79.69
159.38 111.56 79.69
159.38 111.56 79.69
159.38 111.56 79.69
159.38 111.56 79.69
159.38 111.56 79.69
159.38 111.56 79.69
159.38 111.56 79.69
159.38 111.56 79.69
159.38 111.56 79.69
159.38 111.56 79.69
159.38 111.56 79.69
159.38 111.56 79.69
159.38 111.56 79.69
159.38 111.56 79.69
159.38 111.56 79.69
150.00 105.00 75.00
150.00 105.00 75.00
150.00 105.00 75.00
150.00 105.00 75.00
150.00 105.00 75.00
150.00 105.00 75.00
150.00 105.00 75.00
150.00 105.00 75.00
150.00 105.00 75.00
150.00 105.00 75.00
150.00 105.00 75.00
150.00 105.00 75.00
150.00 105.00 75.00
150.00 105.00 75.00
150.00 105.00 75.00
150.00 105.00 75.00
137.31 117.69 78.46
137.31 117.69 78.46
137.31 117.69 78.46
137.31 117.69 78.46
137.31 117.69 78.46
137.31 117.69 78.46
137.31 117.69 78.46
137.31 117.69 78.46
137.31 117.69 78.46
137.31 117.69 78.46
137.31 117.69 78.46
137.31 117.69 78.46
137.31 117.69 78.46
137.31 117.69 78.46
137.31 117.69 78.46
137.31 117.69 78.46
162.27 115.91 92.73
127.50 127.50 85.00
127.50 127.50 85.00
127.50 127.50 85.00
127.50 127.50 85.00
127.50 127.50 85.00
127.50 127.50 85.00
127.50 127.50 85.00
127.50 127.50 85.00
127.50 127.50 85.00
127.50 127.50 85.00
127.50 127.50 85.00
127.50 127.50 85.00
127.50 127.50 85.00
127.50 127.50 85.00
127.50 127.50 85.00
127.50 127.50 85.00
137.31 117.69 78.46
137.31 117.69 78.46
137.31 117.69 78.46
137.31 117.69 78.46
137.31 117.69 78.46
137.31 117.69 78.46
137.31 117.69 78.46
137.31 117.69 78.46
137.31 117.69 78.46
137.31 117.69 78.46
137.31 117.69 78.46
137.31 117.69 78.46
137.31 117.69 78.46
137.31 117.69 78.46
137.31 117.69 78.46
137.31 117.69 78.46
137.31 117.69 78.46
156.92 117.69 78.46
156.92 117.69 78.46
156.92 117.69 78.46
156.92 117.69 78.46
156.92 117.69 78.46
156.92 117.69 78.46
156.92 117.69 78.46
156.92 117.69 78.46
156.92 117.69 78.46
156.92 117.69 78.46
156.92 117.69 78.46
156.92 117.69 78.46
156.92 117.69 78.46
156.92 117.69 78.46
156.92 117.69 78.46
156.92 117.69 78.46
153.00 102.00 76.50
153.00 102.00 76.50
153.00 102.00 76.50
153.00 102.00 76.50
153.00 102.00 76.50
153.00 102.00 76.50
153.00 102.00 76.50
153.00 102.00 76.50
153.00 102.00 76.50
153.00 102.00 76.50
153.00 102.00 76.50
153.00 102.00 76.50
153.00 102.00 76.50
153.00 102.00 76.50
153.00 102.00 76.50
153.00 102.00 76.50
182.14 109.29 72.86
182.14 109.29 72.86
182.14 109.29 72.86
182.14 109.29 72.86
182.14 109.29 72.86
182.14 109.29 72.86
182.14 109.29 72.86
182.14 109.29 72.86
182.14 109.29 72.86
182.14 109.29 72.86
182.14 109.29 72.86
182.14 109.29 72.86
182.14 109.29 72.86
182.14 109.29 72.86
182.14 109.29 72.86
182.14 109.29 72.86
145.71 109.29 72.86
182.14 109.29 72.86
182.14 109.29 72.86
182.14 109.29 72.86
182.14 109.29 72.86
182.14 109.29 72.86
182.14 109.29 72.86
182.14 109.29 72.86
182.14 109.29 72.86
182.14 109.29 72.86
182.14 109.29 72.86
182.14 109.29 72.86
182.14 109.29 72.86
182.14 109.29 72.86
182.14 109.29 72.86
182.14 109.29 72.86
182.14 109.29 72.86
182.14 109.29 72.86
182.14 109.29 72.86
182.14 109.29 72.86
170.00 127.50 85.00
170.00 127.50 85.00
170.00 127.50 85.00
170.00 127.50 85.00
170.00 127.50 85.00
170.00 127.50 85.00
170.00 127.50 85.00
170.00 127.50 85.00
170.00 127.50 85.00
170.00 127.50 85.00
170.00 127.50 85.00
170.00 127.50 85.00
170.00 127.50 85.00
170.00 127.50 85.00
170.00 127.50 85.00
170.00 127.50 85.00
159.38 127.50 63.75
159.38 127.50 63.75
159.38 127.50 63.75
159.38 127.50 63.75
159.38 127.50 63.75
159.38 127.50 63.75
159.38 127.50 63.75
159.38 127.50 63.75
159.38 127.50 63.75
159.38 127.50 63.75
159.38 127.50 63.75
159.38 127.50 63.75
159.38 127.50 63.75
159.38 127.50 63.75
159.38 127.50 63.75
159.38 127.50 63.75
159.38 127.50 63.75
148.75 127.50 85.00
148.75 127.50 85.00
148.75 127.50 85.00
148.75 127.50 85.00
148.75 127.50 85.00
148.75 127.50 85.00
148.75 127.50 85.00
148.75 127.50 85.00
148.75 127.50 85.00
148.75 127.50 85.00
148.75 127.50 85.00
148.75 127.50 85.00
148.75 127.50 85.00
148.75 127.50 85.00
148.75 127.50 85.00
148.75 127.50 85.00
162.27 115.91 69.55
162.27 115.91 69.55
162.27 115.91 69.55
162.27 115.91 69.55
162.27 115.91 69.55
162.27 115.91 69.55
162.27 115.91 69.55
162.27 115.91 69.55
162.27 115.91 69.55
162.27 115.91 69.55
162.27 115.91 69.55
162.27 115.91 69.55
162.27 115.91 69.55
162.27 115.91 69.55
162.27 115.91 69.55
162.27 115.91 69.55
159.38 95.62 63.75
159.38 95.62 63.75
159.38 95.62 63.75
159.38 95.62 63.75
159.38 95.62 63.75
159.38 95.62 63.75
159.38 95.62 63.75
159.38 95.62 63.75
159.38 95.62 63.75
159.38 95.62 63.75
159.38 95.62 63.75
159.38 95.62 63.75
159.38 95.62 63.75
159.38 95.62 63.75
159.38 95.62 63.75
159.38 95.62 63.75
159.38 95.62 63.75
159.38 127.50 63.75
159.38 127.50 63.75
159.38 127.50 63.75
159.38 127.50 63.75
159.38 127.50 63.75
159.38 127.50 63.75
159.38 127.50 63.75
159.38 127.50 63.75
159.38 127.50 63.75
159.38 127.50 63.75
159.38 127.50 63.75
159.38 127.50 63.75
159.38 127.50 63.75
159.38 127.50 63.75
159.38 127.50 63.75
159.38 127.50 63.75
145.71 109.29 72.86
145.71 109.29 72.86
145.71 109.29 72.86
145.71 109.29 72.86
145.71 109.29 72.86
145.71 109.29 72.86
145.71 109.29 72.86
145.71 109.29 72.86
145.71 109.29 72.86
145.71 109.29 72.86
145.71 109.29 72.86
145.71 109.29 72.86
145.71 109.29 72.86
145.71 109.29 72.86
145.71 109.29 72.86
145.71 109.29 72.86
145.71 109.29 72.86
145.71 109.29 72.86
145.71 109.29 72.86
145.71 109.29 72.86
145.71 109.29 72.86
145.71 109.29 72.86
145.71 109.29 72.86
145.71 109.29 72.86
145.71 109.29 72.86
145.71 109.29 72.86
145.71 109.29 72.86
145.71 109.29 72.86
145.71 109.29 72.86
145.71 109.29 72.86
145.71 109.29 72.86
145.71 109.29 72.86
145.71 109.29 72.86
145.71 109.29 72.86
145.71 109.29 72.86
145.71 109.29 72.86
145.71 109.29 72.86
145.71 109.29 72.86
145.71 109.29 72.86
145.71 109.29 72.86
145.71 109.29 72.86
145.71 109.29 72.86
145.71 109.29 72.86
145.71 109.29 72.86
145.71 109.29 72.86
145.71 109.29 72.86
145.71 109.29 72.86
145.71 109.29 72.86
145.71 109.29 72.86
159.38 127.50 63.75
159.38 127.50 63.75
159.38 127.50 63.75
159.38 127.50 63.75
159.38 127.50 63.75
159.38 127.50 63.75
159.38 127.50 63.75
159.38 127.50 63.75
159.38 127.50 63.75
159.38 127.50 63.75
159.38 127.50 63.75
159.38 127.50 63.75
159.38 127.50 63.75
159.38 127.50 63.75
159.38 127.50 63.75
159.38 127.50 63.75
148.75 106.25 63.75
148.75 106.25 63.75
148.75 106.25 63.75
148.75 106.25 63.75
148.75 106.25 63.75
148.75 106.25 63.75
148.75 106.25 63.75
148.75 106.25 63.75
148.75 106.25 63.75
148.75 106.25 63.75
148.75 106.25 63.75
148.75 106.25 63.75
148.75 106.25 63.75
148.75 106.25 63.75
148.75 106.25 63.75
148.75 106.25 63.75
145.71 127.50 91.07
148.75 127.50 85.00
148.75 127.50 85.00
148.75 127.50 85.00
148.75 127.50 85.00
148.75 127.50 85.00
148.75 127.50 85.00
148.75 127.50 85.00
148.75 127.50 85.00
148.75 127.50 85.00
148.75 127.50 85.00
148.75 127.50 85.00
148.75 127.50 85.00
148.75 127.50 85.00
148.75 127.50 85.00
148.75 127.50 85.00
148.75 127.50 85.00
141.67 113.33 70.83
141.67 113.33 70.83
141.67 113.33 70.83
141.67 113.33 70.83
141.67 113.33 70.83
141.67 113.33 70.83
141.67 113.33 70.83
141.67 113.33 70.83
141.67 113.33 70.83
141.67 113.33 70.83
141.67 113.33 70.83
141.67 113.33 70.83
141.67 113.33 70.83
141.67 113.33 70.83
141.67 113.33 70.83
141.67 113.33 70.83
141.67 113.33 70.83
165.00 120.00 75.00
165.00 120.00 75.00
165.00 120.00 75.00
165.00 120.00 75.00
165.00 120.00 75.00
165.00 120.00 75.00
165.00 120.00 75.00
165.00 120.00 75.00
165.00 120.00 75.00
165.00 120.00 75.00
165.00 120.00 75.00
165.00 120.00 75.00
165.00 120.00 75.00
165.00 120.00 75.00
165.00 120.00 75.00
165.00 120.00 75.00
162.27 115.91 92.73
162.27 115.91 92.73
162.27 115.91 92.73
162.27 115.91 92.73
162.27 115.91 92.73
162.27 115.91 92.73
162.27 115.91 92.73
162.27 115.91 92.73
162.27 115.91 92.73
162.27 115.91 92.73
162.27 115.91 92.73
162.27 115.91 92.73
162.27 115.91 92.73
162.27 115.91 92.73
162.27 115.91 92.73
162.27 115.91 92.73
145.71 109.29 72.86
145.71 109.29 72.86
145.71 109.29 72.86
145.71 109.29 72.86
145.71 109.29 72.86
145.71 109.29 72.86
145.71 109.29 72.86
145.71 109.29 72.86
145.71 109.29 72.86
145.71 109.29 72.86
145.71 109.29 72.86
145.71 109.29 72.86
145.71 109.29 72.86
145.71 109.29 72.86
145.71 109.29 72.86
145.71 109.29 72.86
153.00 153.00 102.00
153.00 153.00 102.00
153.00 153.00 102.00
153.00 153.00 102.00
153.00 153.00 102.00
153.00 153.00 102.00
153.00 153.00 102.00
153.00 153.00 102.00
153.00 153.00 102.00
153.00 153.00 102.00
153.00 153.00 102.00
153.00 153.00 102.00
153.00 153.00 102.00
153.00 153.00 102.00
153.00 153.00 102.00
153.00 153.00 102.00
153.00 153.00 102.00
170.00 127.50 85.00
170.00 127.50 85.00
170.00 127.50 85.00
170.00 127.50 85.00
170.00 127.50 85.00
170.00 127.50 85.00
170.00 127.50 85.00
170.00 127.50 85.00
170.00 127.50 85.00
170.00 127.50 85.00
170.00 127.50 85.00
170.00 127.50 85.00
170.00 127.50 85.00
170.00 127.50 85.00
170.00 127.50 85.00
170.00 127.50 85.00
170.00 127.50 85.00
170.00 127.50 85.00
170.00 127.50 85.00
170.00 127.50 85.00
170.00 127.50 85.00
170.00 127.50 85.00
170.00 127.50 85.00
170.00 127.50 85.00
170.00 127.50 85.00
170.00 127.50 85.00
170.00 127.50 85.00
170.00 127.50 85.00
170.00 127.50 85.00
170.00 127.50 85.00
170.00 127.50 85.00
170.00 127.50 85.00
156.92 117.69 78.46
156.92 117.69 78.46
156.92 117.69 78.46
156.92 117.69 78.46
156.92 117.69 78.46
156.92 117.69 78.46
156.92 117.69 78.46
156.92 117.69 78.46
156.92 117.69 78.46
156.92 117.69 78.46
156.92 117.69 78.46
156.92 117.69 78.46
156.92 117.69 78.46
156.92 117.69 78.46
156.92 117.69 78.46
156.92 117.69 78.46
99.78 133.04 110.87
99.78 133.04 110.87
99.78 133.04 110.87
99.78 133.04 110.87
99.78 133.04 110.87
99.78 133.04 110.87
99.78 133.04 110.87
99.78 133.04 110.87
99.78 133.04 110.87
99.78 133.04 110.87
99.78 133.04 110.87
99.78 133.04 110.87
99.78 133.04 110.87
99.78 133.04 110.87
99.78 133.04 110.87
115.91 127.50 104.32
115.91 127.50 104.32
115.91 127.50 104.32
115.91 127.50 104.32
115.91 127.50 104.32
115.91 127.50 104.32
115.91 127.50 104.32
115.91 127.50 104.32
115.91 127.50 104.32
115.91 127.50 104.32
115.91 127.50 104.32
115.91 127.50 104.32
115.91 127.50 104.32
115.91 127.50 104.32
115.91 127.50 104.32
115.91 127.50 104.32
159.38 127.50 63.75
159.38 127.50 63.75
159.38 127.50 63.75
159.38 127.50 63.75
159.38 127.50 63.75
159.38 127.50 63.75
159.38 127.50 63.75
159.38 127.50 63.75
159.38 127.50 63.75
159.38 127.50 63.75
159.38 127.50 63.75
159.38 127.50 63.75
159.38 127.50 63.75
159.38 127.50 63.75
159.38 127.50 63.75
159.38 127.50 63.75
153.00 102.00 102.00
153.00 102.00 102.00
153.00 102.00 102.00
153.00 102.00 102.00
153.00 102.00 102.00
153.00 102.00 102.00
153.00 102.00 102.00
153.00 102.00 102.00
153.00 102.00 102.00
153.00 102.00 102.00
153.00 102.00 102.00
153.00 102.00 102.00
153.00 102.00 102.00
153.00 102.00 102.00
153.00 102.00 102.00
153.00 102.00 102.00
127.50 106.25 85.00
127.50 106.25 85.00
127.50 106.25 85.00
127.50 106.25 85.00
127.50 106.25 85.00
127.50 106.25 85.00
127.50 106.25 85.00
127.50 106.25 85.00
127.50 106.25 85.00
127.50 106.25 85.00
127.50 106.25 85.00
127.50 106.25 85.00
127.50 106.25 85.00
127.50 106.25 85.00
127.50 106.25 85.00
127.50 106.25 85.00
127.50 106.25 85.00
204.00 102.00 102.00
204.00 102.00 102.00
204.00 102.00 102.00
204.00 102.00 102.00
204.00 102.00 102.00
204.00 102.00 102.00
204.00 102.00 102.00
204.00 102.00 102.00
204.00 102.00 102.00
204.00 102.00 102.00
204.00 102.00 102.00
204.00 102.00 102.00
204.00 102.00 102.00
204.00 102.00 102.00
204.00 102.00 102.00
204.00 102.00 102.00
182.14 109.29 72.86
182.14 109.29 72.86
182.14 109.29 72.86
182.14 109.29 72.86
182.14 109.29 72.86
182.14 109.29 72.86
182.14 109.29 72.86
182.14 109.29 72.86
182.14 109.29 72.86
182.14 109.29 72.86
182.14 109.29 72.86
182.14 109.29 72.86
182.14 109.29 72.86
182.14 109.29 72.86
182.14 109.29 72.86
182.14 109.29 72.86
115.91 127.50 104.32
115.91 127.50 104.32
115.91 127.50 104.32
115.91 127.50 104.32
115.91 127.50 104.32
115.91 127.50 104.32
115.91 127.50 104.32
115.91 127.50 104.32
115.91 127.50 104.32
115.91 127.50 104.32
115.91 127.50 104.32
115.91 127.50 104.32
115.91 127.50 104.32
115.91 127.50 104.32
115.91 127.50 104.32
115.91 127.50 104.32
115.91 127.50 104.32
109.29 133.57 109.29
109.29 133.57 109.29
109.29 133.57 109.29
109.29 133.57 109.29
109.29 133.57 109.29
109.29 133.57 109.29
109.29 133.57 109.29
109.29 133.57 109.29
109.29 133.57 109.29
109.29 133.57 109.29
109.29 133.57 109.29
109.29 133.57 109.29
109.29 133.57 109.29
109.29 133.57 109.29
109.29 133.57 109.29
109.29 133.57 109.29
113.33 127.50 113.33
113.33 127.50 113.33
113.33 127.50 113.33
113.33 127.50 113.33
113.33 127.50 113.33
113.33 127.50 113.33
113.33 127.50 113.33
113.33 127.50 113.33
113.33 127.50 113.33
113.33 127.50 113.33
113.33 127.50 113.33
113.33 127.50 113.33
113.33 127.50 113.33
113.33 127.50 113.33
113.33 127.50 113.33
113.33 127.50 113.33
113.33 127.50 113.33
170.00 127.50 85.00
170.00 127.50 85.00
170.00 127.50 85.00
170.00 127.50 85.00
170.00 127.50 85.00
170.00 127.50 85.00
170.00 127.50 85.00
170.00 127.50 85.00
170.00 127.50 85.00
170.00 127.50 85.00
170.00 127.50 85.00
170.00 127.50 85.00
170.00 127.50 85.00
170.00 127.50 85.00
170.00 127.50 85.00
170.00 127.50 85.00
153.00 102.00 102.00
153.00 102.00 102.00
153.00 102.00 102.00
153.00 102.00 102.00
153.00 102.00 102.00
153.00 102.00 102.00
153.00 102.00 102.00
153.00 102.00 102.00
153.00 102.00 102.00
153.00 102.00 102.00
153.00 102.00 102.00
153.00 102.00 102.00
153.00 102.00 102.00
153.00 102.00 102.00
153.00 102.00 102.00
153.00 102.00 102.00
141.67 113.33 85.00
141.67 113.33 85.00
141.67 113.33 85.00
141.67 113.33 85.00
141.67 113.33 85.00
141.67 113.33 85.00
141.67 113.33 85.00
141.67 113.33 85.00
141.67 113.33 85.00
141.67 113.33 85.00
141.67 113.33 85.00
141.67 113.33 85.00
141.67 113.33 85.00
141.67 113.33 85.00
141.67 113.33 85.00
141.67 113.33 85.00
153.00 102.00 102.00
153.00 102.00 102.00
153.00 102.00 102.00
153.00 102.00 102.00
153.00 102.00 102.00
153.00 102.00 102.00
153.00 102.00 102.00
153.00 102.00 102.00
153.00 102.00 102.00
153.00 102.00 102.00
153.00 102.00 102.00
153.00 102.00 102.00
153.00 102.00 102.00
153.00 102.00 102.00
153.00 102.00 102.00
153.00 102.00 102.00
170.00 127.50 85.00
170.00 127.50 85.00
170.00 127.50 85.00
170.00 127.50 85.00
170.00 127.50 85.00
170.00 127.50 85.00
170.00 127.50 85.00
170.00 127.50 85.00
170.00 127.50 85.00
170.00 127.50 85.00
170.00 127.50 85.00
170.00 127.50 85.00
170.00 127.50 85.00
170.00 127.50 85.00
170.00 127.50 85.00
170.00 127.50 85.00
141.67 113.33 85.00
141.67 113.33 85.00
141.67 113.33 85.00
141.67 113.33 85.00
141.67 113.33 85.00
141.67 113.33 85.00
141.67 113.33 85.00
141.67 113.33 85.00
141.67 113.33 85.00
141.67 113.33 85.00
141.67 113.33 85.00
141.67 113.33 85.00
141.67 113.33 85.00
141.67 113.33 85.00
141.67 113.33 85.00
141.67 113.33 85.00
141.67 113.33 85.00
141.67 113.33 85.00
141.67 113.33 85.00
109.29 133.57 109.29
109.29 133.57 109.29
109.29 133.57 109.29
109.29 133.57 109.29
109.29 133.57 109.29
109.29 133.57 109.29
109.29 133.57 109.29
109.29 133.57 109.29
109.29 133.57 109.29
109.29 133.57 109.29
109.29 133.57 109.29
109.29 133.57 109.29
109.29 133.57 109.29
109.29 133.57 109.29
109.29 133.57 109.29
109.29 133.57 109.29
115.91 127.50 104.32
115.91 127.50 104.32
115.91 127.50 104.32
115.91 127.50 104.32
115.91 127.50 104.32
115.91 127.50 104.32
115.91 127.50 104.32
115.91 127.50 104.32
115.91 127.50 104.32
115.91 127.50 104.32
115.91 127.50 104.32
115.91 127.50 104.32
115.91 127.50 104.32
115.91 127.50 104.32
115.91 127.50 104.32
115.91 127.50 104.32
115.91 127.50 104.32
141.67 141.67 85.00
141.67 141.67 85.00
141.67 141.67 85.00
141.67 141.67 85.00
141.67 141.67 85.00
141.67 141.67 85.00
141.67 141.67 85.00
141.67 141.67 85.00
141.67 141.67 85.00
141.67 141.67 85.00
141.67 141.67 85.00
141.67 141.67 85.00
141.67 141.67 85.00
141.67 141.67 85.00
141.67 141.67 85.00
141.67 141.67 85.00
170.00 127.50 85.00
170.00 127.50 85.00
170.00 127.50 85.00
170.00 127.50 85.00
170.00 127.50 85.00
170.00 127.50 85.00
170.00 127.50 85.00
170.00 127.50 85.00
170.00 127.50 85.00
170.00 127.50 85.00
170.00 127.50 85.00
170.00 127.50 85.00
170.00 127.50 85.00
170.00 127.50 85.00
170.00 127.50 85.00
170.00 127.50 85.00
153.00 102.00 102.00
153.00 102.00 102.00
153.00 102.00 102.00
153.00 102.00 102.00
153.00 102.00 102.00
153.00 102.00 102.00
153.00 102.00 102.00
153.00 102.00 102.00
153.00 102.00 102.00
153.00 102.00 102.00
153.00 102.00 102.00
153.00 102.00 102.00
153.00 102.00 102.00
153.00 102.00 102.00
153.00 102.00 102.00
153.00 102.00 102.00
127.50 95.62 95.62
127.50 127.50 95.62
127.50 127.50 95.62
127.50 127.50 95.62
127.50 127.50 95.62
127.50 127.50 95.62
127.50 127.50 95.62
127.50 127.50 95.62
127.50 127.50 95.62
127.50 127.50 95.62
127.50 127.50 95.62
127.50 127.50 95.62
127.50 127.50 95.62
127.50 127.50 95.62
127.50 127.50 95.62
127.50 127.50 95.62
127.50 127.50 95.62
153.00 102.00 102.00
153.00 102.00 102.00
153.00 102.00 102.00
153.00 102.00 102.00
153.00 102.00 102.00
153.00 102.00 102.00
153.00 102.00 102.00
153.00 102.00 102.00
153.00 102.00 102.00
153.00 102.00 102.00
153.00 102.00 102.00
153.00 102.00 102.00
153.00 102.00 102.00
153.00 102.00 102.00
153.00 102.00 102.00
153.00 102.00 102.00
153.00 102.00 102.00
170.00 127.50 85.00
170.00 127.50 85.00
170.00 127.50 85.00
170.00 127.50 85.00
170.00 127.50 85.00
170.00 127.50 85.00
170.00 127.50 85.00
170.00 127.50 85.00
170.00 127.50 85.00
170.00 127.50 85.00
170.00 127.50 85.00
170.00 127.50 85.00
170.00 127.50 85.00
170.00 127.50 85.00
170.00 127.50 85.00
170.00 127.50 85.00
107.37 134.21 107.37
107.37 134.21 107.37
107.37 134.21 107.37
107.37 134.21 107.37
107.37 134.21 107.37
107.37 134.21 107.37
107.37 134.21 107.37
107.37 134.21 107.37
107.37 134.21 107.37
107.37 134.21 107.37
107.37 134.21 107.37
107.37 134.21 107.37
107.37 134.21 107.37
107.37 134.21 107.37
107.37 134.21 107.37
107.37 134.21 107.37
120.00 135.00 105.00
120.00 135.00 105.00
120.00 135.00 105.00
120.00 135.00 105.00
120.00 135.00 105.00
120.00 135.00 105.00
120.00 135.00 105.00
120.00 135.00 105.00
120.00 135.00 105.00
120.00 135.00 105.00
120.00 135.00 105.00
120.00 135.00 105.00
120.00 135.00 105.00
120.00 135.00 105.00
120.00 135.00 105.00
120.00 135.00 105.00
120.00 135.00 105.00
153.00 153.00 102.00
153.00 153.00 102.00
153.00 153.00 102.00
153.00 153.00 102.00
153.00 153.00 102.00
153.00 153.00 102.00
153.00 153.00 102.00
153.00 153.00 102.00
153.00 153.00 102.00
153.00 153.00 102.00
153.00 153.00 102.00
153.00 153.00 102.00
153.00 153.00 102.00
153.00 153.00 102.00
153.00 153.00 102.00
153.00 153.00 102.00
170.00 127.50 85.00
170.00 127.50 85.00
170.00 127.50 85.00
170.00 127.50 85.00
170.00 127.50 85.00
170.00 127.50 85.00
170.00 127.50 85.00
170.00 127.50 85.00
170.00 127.50 85.00
170.00 127.50 85.00
170.00 127.50 85.00
170.00 127.50 85.00
170.00 127.50 85.00
170.00 127.50 85.00
170.00 127.50 85.00
170.00 127.50 85.00
127.50 95.62 95.62
127.50 95.62 63.75
127.50 95.62 63.75
127.50 95.62 63.75
127.50 95.62 63.75
127.50 95.62 63.75
127.50 95.62 63.75
127.50 95.62 63.75
127.50 95.62 63.75
127.50 95.62 63.75
127.50 95.62 63.75
127.50 95.62 63.75
127.50 95.62 63.75
127.50 95.62 63.75
127.50 95.62 63.75
127.50 95.62 63.75
127.50 95.62 63.75
153.00 102.00 102.00
153.00 102.00 102.00
153.00 102.00 102.00
153.00 102.00 102.00
153.00 102.00 102.00
153.00 102.00 102.00
153.00 102.00 102.00
153.00 102.00 102.00
153.00 102.00 102.00
153.00 102.00 102.00
153.00 102.00 102.00
153.00 102.00 102.00
153.00 102.00 102.00
153.00 102.00 102.00
153.00 102.00 102.00
153.00 102.00 102.00
153.00 102.00 102.00
117.69 137.31 117.69
117.69 137.31 117.69
117.69 137.31 117.69
117.69 137.31 117.69
117.69 137.31 117.69
117.69 137.31 117.69
117.69 137.31 117.69
117.69 137.31 117.69
117.69 137.31 117.69
117.69 137.31 117.69
117.69 137.31 117.69
117.69 137.31 117.69
117.69 137.31 117.69
117.69 137.31 117.69
117.69 137.31 117.69
117.69 137.31 117.69
120.00 135.00 105.00
120.00 135.00 105.00
120.00 135.00 105.00
120.00 135.00 105.00
120.00 135.00 105.00
120.00 135.00 105.00
120.00 135.00 105.00
120.00 135.00 105.00
120.00 135.00 105.00
120.00 135.00 105.00
120.00 135.00 105.00
120.00 135.00 105.00
120.00 135.00 105.00
120.00 135.00 105.00
120.00 135.00 105.00
120.00 135.00 105.00
204.00 102.00 51.00
204.00 102.00 51.00
204.00 102.00 51.00
204.00 102.00 51.00
204.00 102.00 51.00
204.00 102.00 51.00
204.00 102.00 51.00
204.00 102.00 51.00
204.00 102.00 51.00
204.00 102.00 51.00
204.00 102.00 51.00
204.00 102.00 51.00
204.00 102.00 51.00
204.00 102.00 51.00
204.00 102.00 51.00
204.00 102.00 51.00
204.00 102.00 51.00
204.00 102.00 102.00
204.00 102.00 102.00
204.00 102.00 102.00
204.00 102.00 102.00
204.00 102.00 102.00
204.00 102.00 102.00
204.00 102.00 102.00
204.00 102.00 102.00
204.00 102.00 102.00
204.00 102.00 102.00
204.00 102.00 102.00
204.00 102.00 102.00
204.00 102.00 102.00
204.00 102.00 102.00
204.00 102.00 102.00
204.00 102.00 102.00
204.00 102.00 102.00
204.00 102.00 102.00
159.38 127.50 63.75
159.38 127.50 63.75
159.38 127.50 63.75
159.38 127.50 63.75
159.38 127.50 63.75
159.38 127.50 63.75
159.38 127.50 63.75
159.38 127.50 63.75
159.38 127.50 63.75
159.38 127.50 63.75
159.38 127.50 63.75
159.38 127.50 63.75
159.38 127.50 63.75
159.38 127.50 63.75
159.38 127.50 63.75
159.38 127.50 63.75
159.38 127.50 63.75
159.38 127.50 63.75
159.38 127.50 63.75
159.38 127.50 63.75
159.38 127.50 63.75
159.38 127.50 63.75
159.38 127.50 63.75
159.38 127.50 63.75
111.56 127.50 111.56
111.56 127.50 111.56
111.56 127.50 111.56
111.56 127.50 111.56
111.56 127.50 111.56
111.56 127.50 111.56
111.56 127.50 111.56
111.56 127.50 111.56
111.56 127.50 111.56
111.56 127.50 111.56
111.56 127.50 111.56
111.56 127.50 111.56
111.56 127.50 111.56
111.56 127.50 111.56
111.56 127.50 111.56
111.56 127.50 111.56
107.37 134.21 107.37
107.37 134.21 107.37
107.37 134.21 107.37
107.37 134.21 107.37
107.37 134.21 107.37
107.37 134.21 107.37
107.37 134.21 107.37
107.37 134.21 107.37
107.37 134.21 107.37
107.37 134.21 107.37
107.37 134.21 107.37
107.37 134.21 107.37
107.37 134.21 107.37
107.37 134.21 107.37
107.37 134.21 107.37
107.37 134.21 107.37
113.33 141.67 113.33
120.00 150.00 105.00
120.00 150.00 105.00
120.00 150.00 105.00
120.00 150.00 105.00
120.00 150.00 105.00
120.00 150.00 105.00
120.00 150.00 105.00
120.00 150.00 105.00
120.00 150.00 105.00
120.00 150.00 105.00
120.00 150.00 105.00
120.00 150.00 105.00
120.00 150.00 105.00
120.00 150.00 105.00
120.00 150.00 105.00
120.00 150.00 105.00
153.00 153.00 102.00
153.00 153.00 102.00
153.00 153.00 102.00
153.00 153.00 102.00
153.00 153.00 102.00
153.00 153.00 102.00
153.00 153.00 102.00
153.00 153.00 102.00
153.00 153.00 102.00
153.00 153.00 102.00
153.00 153.00 102.00
153.00 153.00 102.00
153.00 153.00 102.00
153.00 153.00 102.00
153.00 153.00 102.00
153.00 153.00 102.00
153.00 153.00 102.00
135.18 86.02 70.66
135.18 86.02 70.66
135.18 86.02 70.66
135.18 86.02 70.66
135.18 86.02 70.66
135.18 86.02 70.66
135.18 86.02 70.66
135.18 86.02 70.66
135.18 86.02 70.66
135.18 86.02 70.66
135.18 86.02 70.66
135.18 86.02 70.66
135.18 86.02 70.66
135.18 86.02 70.66
135.18 86.02 70.66
135.18 86.02 70.66
159.38 127.50 63.75
159.38 127.50 63.75
159.38 127.50 63.75
159.38 127.50 63.75
159.38 127.50 63.75
159.38 127.50 63.75
159.38 127.50 63.75
159.38 127.50 63.75
159.38 127.50 63.75
159.38 127.50 63.75
159.38 127.50 63.75
159.38 127.50 63.75
159.38 127.50 63.75
159.38 127.50 63.75
159.38 127.50 63.75
159.38 127.50 63.75
159.38 127.50 63.75
137.31 98.08 58.85
137.31 98.08 58.85
137.31 98.08 58.85
137.31 98.08 58.85
137.31 98.08 58.85
137.31 98.08 58.85
137.31 98.08 58.85
137.31 98.08 58.85
137.31 98.08 58.85
137.31 98.08 58.85
137.31 98.08 58.85
137.31 98.08 58.85
137.31 98.08 58.85
137.31 98.08 58.85
137.31 98.08 58.85
137.31 98.08 58.85
127.50 78.62 65.88
127.50 78.62 65.88
127.50 78.62 65.88
127.50 78.62 65.88
127.50 78.62 65.88
127.50 78.62 65.88
127.50 78.62 65.88
127.50 78.62 65.88
127.50 78.62 65.88
127.50 78.62 65.88
127.50 78.62 65.88
127.50 78.62 65.88
127.50 78.62 65.88
127.50 78.62 65.88
127.50 78.62 65.88
127.50 78.62 65.88
126.46 80.85 66.34
126.46 80.85 66.34
126.46 80.85 66.34
126.46 80.85 66.34
126.46 80.85 66.34
126.46 80.85 66.34
126.46 80.85 66.34
126.46 80.85 66.34
126.46 80.85 66.34
126.46 80.85 66.34
126.46 80.85 66.34
126.46 80.85 66.34
126.46 80.85 66.34
126.46 80.85 66.34
126.46 80.85 66.34
126.46 80.85 66.34
126.46 80.85 66.34
123.79 86.65 76.75
123.79 86.65 76.75
123.79 86.65 76.75
123.79 86.65 76.75
123.79 86.65 76.75
123.79 86.65 76.75
123.79 86.65 76.75
123.79 86.65 76.75
123.79 86.65 76.75
123.79 86.65 76.75
123.79 86.65 76.75
123.79 86.65 76.75
123.79 86.65 76.75
123.79 86.65 76.75
123.79 86.65 76.75
123.79 86.65 76.75
123.00 84.00 78.00
123.00 84.00 78.00
123.00 84.00 78.00
123.00 84.00 78.00
123.00 84.00 78.00
123.00 84.00 78.00
123.00 84.00 78.00
123.00 84.00 78.00
123.00 84.00 78.00
123.00 84.00 78.00
123.00 84.00 78.00
123.00 84.00 78.00
123.00 84.00 78.00
123.00 84.00 78.00
123.00 84.00 78.00
123.00 84.00 78.00
170.00 113.33 85.00
170.00 113.33 85.00
170.00 113.33 85.00
170.00 113.33 85.00
170.00 113.33 85.00
170.00 113.33 85.00
170.00 113.33 85.00
170.00 113.33 85.00
170.00 113.33 85.00
170.00 113.33 85.00
170.00 113.33 85.00
170.00 113.33 85.00
170.00 113.33 85.00
170.00 113.33 85.00
170.00 113.33 85.00
170.00 113.33 85.00
212.50 127.50 85.00
212.50 127.50 85.00
212.50 127.50 85.00
212.50 127.50 85.00
212.50 127.50 85.00
212.50 127.50 85.00
212.50 127.50 85.00
212.50 127.50 85.00
212.50 127.50 85.00
212.50 127.50 85.00
212.50 127.50 85.00
212.50 127.50 85.00
212.50 127.50 85.00
212.50 127.50 85.00
212.50 127.50 85.00
212.50 127.50 85.00
212.50 127.50 85.00
204.00 102.00 102.00
204.00 102.00 102.00
204.00 102.00 102.00
204.00 102.00 102.00
204.00 102.00 102.00
204.00 102.00 102.00
204.00 102.00 102.00
204.00 102.00 102.00
204.00 102.00 102.00
204.00 102.00 102.00
204.00 102.00 102.00
204.00 102.00 102.00
204.00 102.00 102.00
204.00 102.00 102.00
204.00 102.00 102.00
204.00 102.00 102.00
130.54 109.29 88.04
130.54 109.29 88.04
130.54 109.29 88.04
130.54 109.29 88.04
130.54 109.29 88.04
130.54 109.29 88.04
130.54 109.29 88.04
130.54 109.29 88.04
130.54 109.29 88.04
130.54 109.29 88.04
130.54 109.29 88.04
130.54 109.29 88.04
130.54 109.29 88.04
130.54 109.29 88.04
130.54 109.29 88.04
130.54 109.29 88.04
133.88 121.12 95.62
133.88 121.12 95.62
133.88 121.12 95.62
133.88 121.12 95.62
133.88 121.12 95.62
133.88 121.12 95.62
133.88 121.12 95.62
133.88 121.12 95.62
133.88 121.12 95.62
133.88 121.12 95.62
133.88 121.12 95.62
133.88 121.12 95.62
133.88 121.12 95.62
133.88 121.12 95.62
133.88 121.12 95.62
133.88 121.12 95.62
133.88 121.12 95.62
153.00 102.00 51.00
153.00 102.00 51.00
153.00 102.00 51.00
153.00 102.00 51.00
153.00 102.00 51.00
153.00 102.00 51.00
153.00 102.00 51.00
153.00 102.00 51.00
153.00 102.00 51.00
153.00 102.00 51.00
153.00 102.00 51.00
153.00 102.00 51.00
153.00 102.00 51.00
153.00 102.00 51.00
153.00 102.00 51.00
153.00 102.00 51.00
153.00 102.00 102.00
153.00 102.00 102.00
153.00 102.00 102.00
153.00 102.00 102.00
153.00 102.00 102.00
153.00 102.00 102.00
153.00 102.00 102.00
153.00 102.00 102.00
153.00 102.00 102.00
153.00 102.00 102.00
153.00 102.00 102.00
153.00 102.00 102.00
153.00 102.00 102.00
153.00 102.00 102.00
153.00 102.00 102.00
153.00 102.00 102.00
182.14 109.29 72.86
182.14 109.29 72.86
182.14 109.29 72.86
182.14 109.29 72.86
182.14 109.29 72.86
182.14 109.29 72.86
182.14 109.29 72.86
182.14 109.29 72.86
182.14 109.29 72.86
182.14 109.29 72.86
182.14 109.29 72.86
182.14 109.29 72.86
182.14 109.29 72.86
182.14 109.29 72.86
182.14 109.29 72.86
182.14 109.29 72.86
191.25 127.50 95.62
191.25 127.50 95.62
191.25 127.50 95.62
191.25 127.50 95.62
191.25 127.50 95.62
191.25 127.50 95.62
191.25 127.50 95.62
191.25 127.50 95.62
191.25 127.50 95.62
191.25 127.50 95.62
191.25 127.50 95.62
191.25 127.50 95.62
191.25 127.50 95.62
191.25 127.50 95.62
191.25 127.50 95.62
191.25 127.50 95.62
191.25 127.50 95.62
182.14 109.29 72.86
182.14 109.29 72.86
182.14 109.29 72.86
182.14 109.29 72.86
182.14 109.29 72.86
182.14 109.29 72.86
182.14 109.29 72.86
182.14 109.29 72.86
182.14 109.29 72.86
182.14 109.29 72.86
182.14 109.29 72.86
182.14 109.29 72.86
182.14 109.29 72.86
182.14 109.29 72.86
182.14 109.29 72.86
182.14 109.29 72.86
170.00 127.50 85.00
170.00 127.50 85.00
170.00 127.50 85.00
170.00 127.50 85.00
170.00 127.50 85.00
170.00 127.50 85.00
170.00 127.50 85.00
170.00 127.50 85.00
170.00 127.50 85.00
170.00 127.50 85.00
170.00 127.50 85.00
170.00 127.50 85.00
170.00 127.50 85.00
170.00 127.50 85.00
170.00 127.50 85.00
170.00 127.50 85.00
127.50 127.50 97.50
127.50 127.50 97.50
127.50 127.50 97.50
127.50 127.50 97.50
127.50 127.50 97.50
127.50 127.50 97.50
127.50 127.50 97.50
127.50 127.50 97.50
127.50 127.50 97.50
127.50 127.50 97.50
127.50 127.50 97.50
127.50 127.50 97.50
127.50 127.50 97.50
127.50 127.50 97.50
127.50 127.50 97.50
127.50 127.50 97.50
127.50 127.50 97.50
127.50 138.75 105.00
127.50 138.75 105.00
127.50 138.75 105.00
127.50 138.75 105.00
127.50 138.75 105.00
127.50 138.75 105.00
127.50 138.75 105.00
127.50 138.75 105.00
127.50 138.75 105.00
127.50 138.75 105.00
127.50 138.75 105.00
127.50 138.75 105.00
127.50 138.75 105.00
127.50 138.75 105.00
127.50 138.75 105.00
127.50 138.75 105.00
133.30 144.89 110.11
133.30 144.89 110.11
133.30 144.89 110.11
133.30 144.89 110.11
133.30 144.89 110.11
133.30 144.89 110.11
133.30 144.89 110.11
133.30 144.89 110.11
133.30 144.89 110.11
133.30 144.89 110.11
133.30 144.89 110.11
133.30 144.89 110.11
133.30 144.89 110.11
133.30 144.89 110.11
133.30 144.89 110.11
133.30 144.89 110.11
133.30 144.89 110.11
182.14 109.29 72.86
182.14 109.29 72.86
182.14 109.29 72.86
182.14 109.29 72.86
182.14 109.29 72.86
182.14 109.29 72.86
182.14 109.29 72.86
182.14 109.29 72.86
182.14 109.29 72.86
182.14 109.29 72.86
182.14 109.29 72.86
182.14 109.29 72.86
182.14 109.29 72.86
182.14 109.29 72.86
182.14 109.29 72.86
182.14 109.29 72.86
159.38 127.50 63.75
159.38 127.50 63.75
159.38 127.50 63.75
159.38 127.50 63.75
159.38 127.50 63.75
159.38 127.50 63.75
159.38 127.50 63.75
159.38 127.50 63.75
159.38 127.50 63.75
159.38 127.50 63.75
159.38 127.50 63.75
159.38 127.50 63.75
159.38 127.50 63.75
159.38 127.50 63.75
159.38 127.50 63.75
159.38 127.50 63.75
159.38 127.50 63.75
135.47 151.41 111.56
135.47 151.41 111.56
135.47 151.41 111.56
135.47 151.41 111.56
135.47 151.41 111.56
135.47 151.41 111.56
135.47 151.41 111.56
135.47 151.41 111.56
135.47 151.41 111.56
135.47 151.41 111.56
135.47 151.41 111.56
135.47 151.41 111.56
135.47 151.41 111.56
135.47 151.41 111.56
135.47 151.41 111.56
135.47 151.41 111.56
135.00 165.00 120.00
135.00 165.00 120.00
135.00 165.00 120.00
135.00 165.00 120.00
135.00 165.00 120.00
135.00 165.00 120.00
135.00 165.00 120.00
135.00 165.00 120.00
135.00 165.00 120.00
135.00 165.00 120.00
135.00 165.00 120.00
135.00 165.00 120.00
135.00 165.00 120.00
135.00 165.00 120.00
135.00 165.00 120.00
135.00 165.00 120.00
182.14 109.29 72.86
182.14 109.29 72.86
182.14 109.29 72.86
182.14 109.29 72.86
182.14 109.29 72.86
182.14 109.29 72.86
182.14 109.29 72.86
182.14 109.29 72.86
182.14 109.29 72.86
182.14 109.29 72.86
182.14 109.29 72.86
182.14 109.29 72.86
182.14 109.29 72.86
182.14 109.29 72.86
182.14 109.29 72.86
182.14 109.29 72.86
182.14 109.29 72.86
133.88 172.12 121.12
134.45 171.55 125.18
134.45 171.55 125.18
134.45 171.55 125.18
134.45 171.55 125.18
134.45 171.55 125.18
134.45 171.55 125.18
134.45 171.55 125.18
134.45 171.55 125.18
134.45 171.55 125.18
134.45 171.55 125.18
134.45 171.55 125.18
134.45 171.55 125.18
134.45 171.55 125.18
134.45 171.55 125.18
134.45 171.55 125.18
134.45 171.55 125.18
142.80 163.20 122.40
142.80 163.20 122.40
142.80 163.20 122.40
142.80 163.20 122.40
142.80 163.20 122.40
142.80 163.20 122.40
142.80 163.20 122.40
142.80 163.20 122.40
142.80 163.20 122.40
142.80 163.20 122.40
142.80 163.20 122.40
142.80 163.20 122.40
142.80 163.20 122.40
142.80 163.20 122.40
142.80 163.20 122.40
142.80 163.20 122.40
142.80 163.20 122.40
153.00 136.00 102.00
153.00 136.00 102.00
153.00 136.00 102.00
153.00 136.00 102.00
153.00 136.00 102.00
153.00 136.00 102.00
153.00 136.00 102.00
153.00 136.00 102.00
153.00 136.00 102.00
153.00 136.00 102.00
153.00 136.00 102.00
153.00 136.00 102.00
153.00 136.00 102.00
153.00 136.00 102.00
153.00 136.00 102.00
153.00 136.00 102.00
153.00 136.00 102.00
159.38 127.50 95.62
159.38 127.50 95.62
159.38 127.50 95.62
159.38 127.50 95.62
159.38 127.50 95.62
159.38 127.50 95.62
159.38 127.50 95.62
159.38 127.50 95.62
159.38 127.50 95.62
159.38 127.50 95.62
159.38 127.50 95.62
159.38 127.50 95.62
159.38 127.50 95.62
159.38 127.50 95.62
159.38 127.50 95.62
159.38 127.50 95.62
132.40 176.54 127.50
132.40 176.54 127.50
132.40 176.54 127.50
132.40 176.54 127.50
132.40 176.54 127.50
132.40 176.54 127.50
132.40 176.54 127.50
132.40 176.54 127.50
132.40 176.54 127.50
132.40 176.54 127.50
132.40 176.54 127.50
132.40 176.54 127.50
132.40 176.54 127.50
132.40 176.54 127.50
132.40 176.54 127.50
132.40 176.54 127.50
132.40 176.54 127.50
132.40 176.54 127.50
132.40 176.54 127.50
132.40 176.54 127.50
139.09 173.86 127.50
139.09 173.86 127.50
139.09 173.86 127.50
139.09 173.86 127.50
139.09 173.86 127.50
139.09 173.86 127.50
139.09 173.86 127.50
139.09 173.86 127.50
139.09 173.86 127.50
139.09 173.86 127.50
139.09 173.86 127.50
139.09 173.86 127.50
139.09 173.86 127.50
139.09 173.86 127.50
139.09 173.86 127.50
139.09 173.86 127.50
182.14 109.29 72.86
182.14 109.29 72.86
182.14 109.29 72.86
182.14 109.29 72.86
182.14 109.29 72.86
182.14 109.29 72.86
182.14 109.29 72.86
182.14 109.29 72.86
182.14 109.29 72.86
182.14 109.29 72.86
182.14 109.29 72.86
182.14 109.29 72.86
182.14 109.29 72.86
182.14 109.29 72.86
182.14 109.29 72.86
182.14 109.29 72.86
182.14 109.29 72.86
182.14 109.29 72.86
182.14 109.29 72.86
182.14 109.29 72.86
182.14 109.29 72.86
182.14 109.29 72.86
182.14 109.29 72.86
182.14 109.29 72.86
182.14 109.29 72.86
182.14 109.29 72.86
182.14 109.29 72.86
182.14 109.29 72.86
182.14 109.29 72.86
182.14 109.29 72.86
182.14 109.29 72.86
182.14 109.29 72.86
137.31 176.54 127.50
137.31 176.54 127.50
137.31 176.54 127.50
137.31 176.54 127.50
137.31 176.54 127.50
137.31 176.54 127.50
137.31 176.54 127.50
137.31 176.54 127.50
137.31 176.54 127.50
137.31 176.54 127.50
137.31 176.54 127.50
137.31 176.54 127.50
137.31 176.54 127.50
137.31 176.54 127.50
137.31 176.54 127.50
137.31 176.54 127.50
137.31 176.54 127.50
132.40 181.44 132.40
132.40 181.44 132.40
132.40 181.44 132.40
132.40 181.44 132.40
132.40 181.44 132.40
132.40 181.44 132.40
132.40 181.44 132.40
132.40 181.44 132.40
132.40 181.44 132.40
132.40 181.44 132.40
132.40 181.44 132.40
132.40 181.44 132.40
132.40 181.44 132.40
132.40 181.44 132.40
132.40 181.44 132.40
132.40 181.44 132.40
130.47 183.84 130.47
130.47 183.84 130.47
130.47 183.84 130.47
130.47 183.84 130.47
130.47 183.84 130.47
130.47 183.84 130.47
130.47 183.84 130.47
130.47 183.84 130.47
130.47 183.84 130.47
130.47 183.84 130.47
130.47 183.84 130.47
130.47 183.84 130.47
130.47 183.84 130.47
130.47 183.84 130.47
130.47 183.84 130.47
182.14 109.29 72.86
182.14 109.29 72.86
182.14 109.29 72.86
182.14 109.29 72.86
182.14 109.29 72.86
182.14 109.29 72.86
182.14 109.29 72.86
182.14 109.29 72.86
182.14 109.29 72.86
182.14 109.29 72.86
182.14 109.29 72.86
182.14 109.29 72.86
182.14 109.29 72.86
182.14 109.29 72.86
182.14 109.29 72.86
182.14 109.29 72.86
182.14 109.29 72.86
182.14 145.71 72.86
182.14 145.71 72.86
182.14 145.71 72.86
182.14 145.71 72.86
182.14 145.71 72.86
182.14 145.71 72.86
182.14 145.71 72.86
182.14 145.71 72.86
182.14 145.71 72.86
182.14 145.71 72.86
182.14 145.71 72.86
182.14 145.71 72.86
182.14 145.71 72.86
182.14 145.71 72.86
182.14 145.71 72.86
182.14 145.71 72.86
133.04 177.39 121.96
133.04 177.39 121.96
133.04 177.39 121.96
133.04 177.39 121.96
133.04 177.39 121.96
133.04 177.39 121.96
133.04 177.39 121.96
133.04 177.39 121.96
133.04 177.39 121.96
133.04 177.39 121.96
133.04 177.39 121.96
133.04 177.39 121.96
133.04 177.39 121.96
133.04 177.39 121.96
133.04 177.39 121.96
133.04 177.39 121.96
133.04 177.39 121.96
132.60 178.50 132.60
132.60 178.50 132.60
132.60 178.50 132.60
132.60 178.50 132.60
132.60 178.50 132.60
132.60 178.50 132.60
132.60 178.50 132.60
132.60 178.50 132.60
132.60 178.50 132.60
132.60 178.50 132.60
132.60 178.50 132.60
132.60 178.50 132.60
132.60 178.50 132.60
132.60 178.50 132.60
132.60 178.50 132.60
132.60 178.50 132.60
132.60 178.50 132.60
134.21 161.05 120.79
134.21 161.05 120.79
134.21 161.05 120.79
134.21 161.05 120.79
134.21 161.05 120.79
134.21 161.05 120.79
134.21 161.05 120.79
134.21 161.05 120.79
134.21 161.05 120.79
134.21 161.05 120.79
134.21 161.05 120.79
134.21 161.05 120.79
134.21 161.05 120.79
134.21 161.05 120.79
134.21 161.05 120.79
134.21 161.05 120.79
170.00 127.50 85.00
170.00 127.50 85.00
170.00 127.50 85.00
170.00 127.50 85.00
170.00 127.50 85.00
170.00 127.50 85.00
170.00 127.50 85.00
170.00 127.50 85.00
170.00 127.50 85.00
170.00 127.50 85.00
170.00 127.50 85.00
170.00 127.50 85.00
170.00 127.50 85.00
170.00 127.50 85.00
170.00 127.50 85.00
170.00 127.50 85.00
182.14 145.71 72.86
182.14 145.71 72.86
182.14 145.71 72.86
182.14 145.71 72.86
182.14 145.71 72.86
182.14 145.71 72.86
182.14 145.71 72.86
182.14 145.71 72.86
182.14 145.71 72.86
182.14 145.71 72.86
182.14 145.71 72.86
182.14 145.71 72.86
182.14 145.71 72.86
182.14 145.71 72.86
182.14 145.71 72.86
182.14 145.71 72.86
182.14 145.71 72.86
159.38 127.50 95.62
159.38 127.50 95.62
159.38 127.50 95.62
159.38 127.50 95.62
159.38 127.50 95.62
159.38 127.50 95.62
159.38 127.50 95.62
159.38 127.50 95.62
159.38 127.50 95.62
159.38 127.50 95.62
159.38 127.50 95.62
159.38 127.50 95.62
159.38 127.50 95.62
159.38 127.50 95.62
159.38 127.50 95.62
159.38 127.50 95.62
182.14 109.29 72.86
182.14 109.29 72.86
182.14 109.29 72.86
182.14 109.29 72.86
182.14 109.29 72.86
182.14 109.29 72.86
182.14 109.29 72.86
182.14 109.29 72.86
182.14 109.29 72.86
182.14 109.29 72.86
182.14 109.29 72.86
182.14 109.29 72.86
182.14 109.29 72.86
182.14 109.29 72.86
182.14 109.29 72.86
182.14 109.29 72.86
182.14 109.29 72.86
145.71 170.00 121.43
145.71 170.00 121.43
145.71 170.00 121.43
145.71 170.00 121.43
145.71 170.00 121.43
145.71 170.00 121.43
145.71 170.00 121.43
145.71 170.00 121.43
145.71 170.00 121.43
145.71 170.00 121.43
145.71 170.00 121.43
145.71 170.00 121.43
145.71 170.00 121.43
145.71 170.00 121.43
145.71 170.00 121.43
145.71 170.00 121.43
125.48 145.71 109.29
125.48 145.71 109.29
125.48 145.71 109.29
125.48 145.71 109.29
125.48 145.71 109.29
125.48 145.71 109.29
125.48 145.71 109.29
125.48 145.71 109.29
125.48 145.71 109.29
125.48 145.71 109.29
125.48 145.71 109.29
125.48 145.71 109.29
125.48 145.71 109.29
125.48 145.71 109.29
125.48 145.71 109.29
125.48 145.71 109.29
114.75 111.56 86.06
114.75 111.56 86.06
114.75 111.56 86.06
114.75 111.56 86.06
114.75 111.56 86.06
114.75 111.56 86.06
114.75 111.56 86.06
114.75 111.56 86.06
114.75 111.56 86.06
114.75 111.56 86.06
114.75 111.56 86.06
114.75 111.56 86.06
114.75 111.56 86.06
114.75 111.56 86.06
114.75 111.56 86.06
114.75 111.56 86.06
114.75 111.56 86.06
170.00 127.50 85.00
170.00 127.50 85.00
170.00 127.50 85.00
170.00 127.50 85.00
170.00 127.50 85.00
170.00 127.50 85.00
170.00 127.50 85.00
170.00 127.50 85.00
170.00 127.50 85.00
170.00 127.50 85.00
170.00 127.50 85.00
170.00 127.50 85.00
170.00 127.50 85.00
170.00 127.50 85.00
170.00 127.50 85.00
170.00 127.50 85.00
170.00 127.50 85.00
170.00 127.50 85.00
170.00 127.50 85.00
170.00 127.50 85.00
170.00 127.50 85.00
170.00 127.50 85.00
170.00 127.50 85.00
170.00 127.50 85.00
170.00 127.50 85.00
170.00 127.50 85.00
170.00 127.50 85.00
170.00 127.50 85.00
170.00 127.50 85.00
170.00 127.50 85.00
170.00 127.50 85.00
170.00 127.50 85.00
182.14 109.29 72.86
182.14 109.29 72.86
182.14 109.29 72.86
182.14 109.29 72.86
182.14 109.29 72.86
182.14 109.29 72.86
182.14 109.29 72.86
182.14 109.29 72.86
182.14 109.29 72.86
182.14 109.29 72.86
182.14 109.29 72.86
182.14 109.29 72.86
182.14 109.29 72.86
182.14 109.29 72.86
182.14 109.29 72.86
182.14 109.29 72.86
145.71 109.29 72.86
145.71 109.29 72.86
145.71 109.29 72.86
145.71 109.29 72.86
145.71 109.29 72.86
145.71 109.29 72.86
145.71 109.29 72.86
145.71 109.29 72.86
145.71 109.29 72.86
145.71 109.29 72.86
145.71 109.29 72.86
145.71 109.29 72.86
145.71 109.29 72.86
145.71 109.29 72.86
145.71 109.29 72.86
145.71 109.29 72.86
145.71 109.29 72.86
114.31 105.52 79.14
114.31 105.52 79.14
114.31 105.52 79.14
114.31 105.52 79.14
114.31 105.52 79.14
114.31 105.52 79.14
114.31 105.52 79.14
114.31 105.52 79.14
114.31 105.52 79.14
114.31 105.52 79.14
114.31 105.52 79.14
114.31 105.52 79.14
114.31 105.52 79.14
114.31 105.52 79.14
114.31 105.52 79.14
111.00 108.00 84.00
111.00 108.00 84.00
111.00 108.00 84.00
111.00 108.00 84.00
111.00 108.00 84.00
111.00 108.00 84.00
111.00 108.00 84.00
111.00 108.00 84.00
111.00 108.00 84.00
111.00 108.00 84.00
111.00 108.00 84.00
111.00 108.00 84.00
111.00 108.00 84.00
111.00 108.00 84.00
111.00 108.00 84.00
111.00 108.00 84.00
111.00 108.00 84.00
111.00 108.00 84.00
111.00 108.00 84.00
111.00 108.00 84.00
111.00 108.00 84.00
111.00 108.00 84.00
111.00 108.00 84.00
113.33 107.67 85.00
113.33 107.67 85.00
113.33 107.67 85.00
113.33 107.67 85.00
113.33 107.67 85.00
113.33 107.67 85.00
113.33 107.67 85.00
113.33 107.67 85.00
113.33 107.67 85.00
113.33 107.67 85.00
113.33 107.67 85.00
113.33 107.67 85.00
113.33 107.67 85.00
113.33 107.67 85.00
113.33 107.67 85.00
113.33 107.67 85.00
113.33 107.67 85.00
113.33 107.67 85.00
113.33 107.67 85.00
113.33 107.67 85.00
113.33 107.67 85.00
113.33 107.67 85.00
113.33 107.67 85.00
113.33 107.67 85.00
113.33 107.67 85.00
113.33 107.67 85.00
170.00 127.50 85.00
170.00 127.50 85.00
170.00 127.50 85.00
170.00 127.50 85.00
170.00 127.50 85.00
170.00 127.50 85.00
170.00 127.50 85.00
170.00 127.50 85.00
170.00 127.50 85.00
170.00 127.50 85.00
170.00 127.50 85.00
170.00 127.50 85.00
170.00 127.50 85.00
170.00 127.50 85.00
170.00 127.50 85.00
170.00 127.50 85.00
170.00 127.50 85.00
170.00 127.50 85.00
170.00 127.50 85.00
170.00 127.50 85.00
170.00 127.50 85.00
170.00 127.50 85.00
170.00 127.50 85.00
170.00 127.50 85.00
170.00 127.50 85.00
170.00 127.50 85.00
170.00 127.50 85.00
170.00 127.50 85.00
170.00 127.50 85.00
170.00 127.50 85.00
170.00 127.50 85.00
170.00 127.50 85.00
170.00 127.50 85.00
170.00 127.50 85.00
170.00 127.50 85.00
170.00 127.50 85.00
170.00 127.50 85.00
170.00 127.50 85.00
170.00 127.50 85.00
170.00 127.50 85.00
170.00 127.50 85.00
170.00 127.50 85.00
170.00 127.50 85.00
170.00 127.50 85.00
170.00 127.50 85.00
170.00 127.50 85.00
170.00 127.50 85.00
170.00 127.50 85.00
170.00 127.50 85.00
170.00 127.50 85.00
170.00 127.50 85.00
170.00 127.50 85.00
120.79 114.08 87.24
120.79 114.08 87.24
120.79 114.08 87.24
120.79 114.08 87.24
120.79 114.08 87.24
120.79 114.08 87.24
120.79 114.08 87.24
120.79 114.08 87.24
120.79 114.08 87.24
120.79 114.08 87.24
120.79 114.08 87.24
120.79 114.08 87.24
120.79 114.08 87.24
120.79 114.08 87.24
120.79 114.08 87.24
120.79 114.08 87.24
120.79 114.08 87.24
120.79 114.08 87.24
120.79 114.08 87.24
120.79 114.08 87.24
120.79 114.08 87.24
120.79 114.08 87.24
120.79 114.08 87.24
120.79 114.08 87.24
120.79 114.08 87.24
120.79 114.08 87.24
111.95 111.95 87.07
111.95 111.95 87.07
111.95 111.95 87.07
111.95 111.95 87.07
111.95 111.95 87.07
111.95 111.95 87.07
111.95 111.95 87.07
111.95 111.95 87.07
111.95 111.95 87.07
111.95 111.95 87.07
111.95 111.95 87.07
111.95 111.95 87.07
111.95 111.95 87.07
111.95 111.95 87.07
111.95 111.95 87.07
111.95 111.95 87.07
111.95 111.95 87.07
113.94 113.94 86.81
113.94 113.94 86.81
113.94 113.94 86.81
113.94 113.94 86.81
113.94 113.94 86.81
113.94 113.94 86.81
113.94 113.94 86.81
113.94 113.94 86.81
113.94 113.94 86.81
113.94 113.94 86.81
113.94 113.94 86.81
113.94 113.94 86.81
113.94 113.94 86.81
113.94 113.94 86.81
113.94 113.94 86.81
113.94 113.94 86.81
170.00 127.50 85.00
170.00 127.50 85.00
170.00 127.50 85.00
170.00 127.50 85.00
170.00 127.50 85.00
170.00 127.50 85.00
170.00 127.50 85.00
170.00 127.50 85.00
170.00 127.50 85.00
170.00 127.50 85.00
170.00 127.50 85.00
170.00 127.50 85.00
170.00 127.50 85.00
170.00 127.50 85.00
170.00 127.50 85.00
170.00 127.50 85.00
182.14 109.29 72.86
117.69 156.92 147.12
117.69 156.92 147.12
117.69 156.92 147.12
117.69 156.92 147.12
117.69 156.92 147.12
117.69 156.92 147.12
117.69 156.92 147.12
117.69 156.92 147.12
117.69 156.92 147.12
117.69 156.92 147.12
117.69 156.92 147.12
117.69 156.92 147.12
117.69 156.92 147.12
117.69 156.92 147.12
117.69 156.92 147.12
117.69 156.92 147.12
121.96 166.30 155.22
121.96 166.30 155.22
121.96 166.30 155.22
121.96 166.30 155.22
121.96 166.30 155.22
121.96 166.30 155.22
121.96 166.30 155.22
121.96 166.30 155.22
121.96 166.30 155.22
121.96 166.30 155.22
121.96 166.30 155.22
121.96 166.30 155.22
121.96 166.30 155.22
121.96 166.30 155.22
121.96 166.30 155.22
121.96 166.30 155.22
120.79 187.89 174.47
120.79 187.89 174.47
120.79 187.89 174.47
120.79 187.89 174.47
120.79 187.89 174.47
120.79 187.89 174.47
120.79 187.89 174.47
120.79 187.89 174.47
120.79 187.89 174.47
120.79 187.89 174.47
120.79 187.89 174.47
120.79 187.89 174.47
120.79 187.89 174.47
120.79 187.89 174.47
120.79 187.89 174.47
120.79 187.89 174.47
120.79 187.89 174.47
159.38 159.38 127.50
159.38 159.38 127.50
159.38 159.38 127.50
159.38 159.38 127.50
159.38 159.38 127.50
159.38 159.38 127.50
159.38 159.38 127.50
159.38 159.38 127.50
159.38 159.38 127.50
159.38 159.38 127.50
159.38 159.38 127.50
159.38 159.38 127.50
159.38 159.38 127.50
159.38 159.38 127.50
159.38 159.38 127.50
159.38 159.38 127.50
204.00 102.00 51.00
204.00 102.00 51.00
204.00 102.00 51.00
204.00 102.00 51.00
204.00 102.00 51.00
204.00 102.00 51.00
204.00 102.00 51.00
204.00 102.00 51.00
204.00 102.00 51.00
204.00 102.00 51.00
204.00 102.00 51.00
204.00 102.00 51.00
204.00 102.00 51.00
204.00 102.00 51.00
204.00 102.00 51.00
204.00 102.00 51.00
170.00 170.00 127.50
170.00 170.00 127.50
170.00 170.00 127.50
170.00 170.00 127.50
170.00 170.00 127.50
170.00 170.00 127.50
170.00 170.00 127.50
170.00 170.00 127.50
170.00 170.00 127.50
170.00 170.00 127.50
170.00 170.00 127.50
170.00 170.00 127.50
170.00 170.00 127.50
170.00 170.00 127.50
170.00 170.00 127.50
170.00 170.00 127.50
170.00 170.00 127.50
127.50 255.00 233.75
127.50 255.00 233.75
127.50 255.00 233.75
127.50 255.00 233.75
127.50 255.00 233.75
127.50 255.00 233.75
127.50 255.00 233.75
127.50 255.00 233.75
127.50 255.00 233.75
127.50 255.00 233.75
127.50 255.00 233.75
127.50 255.00 233.75
127.50 255.00 233.75
127.50 255.00 233.75
127.50 255.00 233.75
127.50 255.00 233.75
159.38 223.12 191.25
159.38 223.12 191.25
159.38 223.12 191.25
159.38 223.12 191.25
159.38 223.12 191.25
159.38 223.12 191.25
159.38 223.12 191.25
159.38 223.12 191.25
159.38 223.12 191.25
159.38 223.12 191.25
159.38 223.12 191.25
159.38 223.12 191.25
159.38 223.12 191.25
159.38 223.12 191.25
159.38 223.12 191.25
159.38 223.12 191.25
153.00 102.00 51.00
153.00 102.00 51.00
153.00 102.00 51.00
153.00 102.00 51.00
153.00 102.00 51.00
153.00 102.00 51.00
153.00 102.00 51.00
153.00 102.00 51.00
153.00 102.00 51.00
153.00 102.00 51.00
153.00 102.00 51.00
153.00 102.00 51.00
153.00 102.00 51.00
153.00 102.00 51.00
153.00 102.00 51.00
153.00 102.00 51.00
153.00 102.00 51.00
191.25 127.50 63.75
191.25 127.50 63.75
191.25 127.50 63.75
191.25 127.50 63.75
191.25 127.50 63.75
191.25 127.50 63.75
191.25 127.50 63.75
191.25 127.50 63.75
191.25 127.50 63.75
191.25 127.50 63.75
191.25 127.50 63.75
191.25 127.50 63.75
191.25 127.50 63.75
191.25 127.50 63.75
191.25 127.50 63.75
191.25 127.50 63.75
141.67 170.00 170.00
141.67 170.00 170.00
141.67 170.00 170.00
141.67 170.00 170.00
141.67 170.00 170.00
141.67 170.00 170.00
141.67 170.00 170.00
141.67 170.00 170.00
141.67 170.00 170.00
141.67 170.00 170.00
141.67 170.00 170.00
141.67 170.00 170.00
141.67 170.00 170.00
141.67 170.00 170.00
141.67 170.00 170.00
141.67 170.00 170.00
141.67 170.00 170.00
141.67 170.00 170.00
141.67 170.00 170.00
121.43 170.00 170.00
121.43 170.00 170.00
121.43 170.00 170.00
121.43 170.00 170.00
121.43 170.00 170.00
121.43 170.00 170.00
121.43 170.00 170.00
121.43 170.00 170.00
121.43 170.00 170.00
121.43 170.00 170.00
121.43 170.00 170.00
121.43 170.00 170.00
121.43 170.00 170.00
121.43 170.00 170.00
121.43 170.00 170.00
121.43 170.00 170.00
121.43 170.00 170.00
121.43 170.00 170.00
121.43 170.00 170.00
121.43 170.00 170.00
121.43 170.00 170.00
121.43 170.00 170.00
121.43 170.00 170.00
116.88 159.38 159.38
115.91 173.86 162.27
115.91 173.86 162.27
115.91 173.86 162.27
115.91 173.86 162.27
115.91 173.86 162.27
115.91 173.86 162.27
115.91 173.86 162.27
115.91 173.86 162.27
115.91 173.86 162.27
115.91 173.86 162.27
115.91 173.86 162.27
115.91 173.86 162.27
115.91 173.86 162.27
115.91 173.86 162.27
115.91 173.86 162.27
115.91 173.86 162.27
121.43 170.00 170.00
121.43 170.00 170.00
121.43 170.00 170.00
121.43 170.00 170.00
121.43 170.00 170.00
121.43 170.00 170.00
121.43 170.00 170.00
121.43 170.00 170.00
121.43 170.00 170.00
121.43 170.00 170.00
121.43 170.00 170.00
121.43 170.00 170.00
121.43 170.00 170.00
121.43 170.00 170.00
121.43 170.00 170.00
121.43 170.00 170.00
121.43 170.00 170.00
127.50 178.50 165.75
127.50 178.50 165.75
127.50 178.50 165.75
127.50 178.50 165.75
127.50 178.50 165.75
127.50 178.50 165.75
127.50 178.50 165.75
127.50 178.50 165.75
127.50 178.50 165.75
127.50 178.50 165.75
127.50 178.50 165.75
127.50 178.50 165.75
127.50 178.50 165.75
127.50 178.50 165.75
127.50 178.50 165.75
127.50 178.50 165.75
120.79 187.89 174.47
120.79 187.89 174.47
120.79 187.89 174.47
120.79 187.89 174.47
120.79 187.89 174.47
120.79 187.89 174.47
120.79 187.89 174.47
120.79 187.89 174.47
120.79 187.89 174.47
120.79 187.89 174.47
120.79 187.89 174.47
120.79 187.89 174.47
120.79 187.89 174.47
120.79 187.89 174.47
120.79 187.89 174.47
120.79 187.89 174.47
120.00 195.00 180.00
120.00 195.00 180.00
120.00 195.00 180.00
120.00 195.00 180.00
120.00 195.00 180.00
120.00 195.00 180.00
120.00 195.00 180.00
120.00 195.00 180.00
120.00 195.00 180.00
120.00 195.00 180.00
120.00 195.00 180.00
120.00 195.00 180.00
120.00 195.00 180.00
120.00 195.00 180.00
120.00 195.00 180.00
120.00 195.00 180.00
119.00 204.00 204.00
119.00 204.00 204.00
119.00 204.00 204.00
119.00 204.00 204.00
119.00 204.00 204.00
119.00 204.00 204.00
119.00 204.00 204.00
119.00 204.00 204.00
119.00 204.00 204.00
119.00 204.00 204.00
119.00 204.00 204.00
119.00 204.00 204.00
119.00 204.00 204.00
119.00 204.00 204.00
119.00 204.00 204.00
119.00 204.00 204.00
109.29 200.36 200.36
109.29 200.36 200.36
109.29 200.36 200.36
109.29 200.36 200.36
109.29 200.36 200.36
109.29 200.36 200.36
109.29 200.36 200.36
109.29 200.36 200.36
109.29 200.36 200.36
109.29 200.36 200.36
109.29 200.36 200.36
109.29 200.36 200.36
109.29 200.36 200.36
109.29 200.36 200.36
109.29 200.36 200.36
109.29 200.36 200.36
109.29 200.36 200.36
117.69 215.77 196.15
117.69 215.77 196.15
117.69 215.77 196.15
117.69 215.77 196.15
117.69 215.77 196.15
117.69 215.77 196.15
117.69 215.77 196.15
117.69 215.77 196.15
117.69 215.77 196.15
117.69 215.77 196.15
117.69 215.77 196.15
117.69 215.77 196.15
117.69 215.77 196.15
117.69 215.77 196.15
117.69 215.77 196.15
117.69 215.77 196.15
127.50 212.50 212.50
127.50 212.50 212.50
127.50 212.50 212.50
127.50 212.50 212.50
127.50 212.50 212.50
127.50 212.50 212.50
127.50 212.50 212.50
127.50 212.50 212.50
127.50 212.50 212.50
127.50 212.50 212.50
127.50 212.50 212.50
127.50 212.50 212.50
127.50 212.50 212.50
127.50 212.50 212.50
127.50 212.50 212.50
117.69 215.77 196.15
117.69 215.77 196.15
117.69 215.77 196.15
117.69 215.77 196.15
117.69 215.77 196.15
117.69 215.77 196.15
117.69 215.77 196.15
117.69 215.77 196.15
117.69 215.77 196.15
117.69 215.77 196.15
117.69 215.77 196.15
117.69 215.77 196.15
117.69 215.77 196.15
117.69 215.77 196.15
117.69 215.77 196.15
117.69 215.77 196.15
117.69 215.77 196.15
117.69 215.77 196.15
117.69 215.77 196.15
117.69 215.77 196.15
117.69 215.77 196.15
117.69 215.77 196.15
117.69 215.77 196.15
117.69 215.77 196.15
117.69 215.77 196.15
117.69 215.77 196.15
117.69 215.77 196.15
117.69 215.77 196.15
117.69 215.77 196.15
117.69 215.77 196.15
117.69 215.77 196.15
117.69 215.77 196.15
117.69 196.15 196.15
117.69 196.15 196.15
117.69 196.15 196.15
117.69 196.15 196.15
117.69 196.15 196.15
117.69 196.15 196.15
117.69 196.15 196.15
117.69 196.15 196.15
117.69 196.15 196.15
117.69 196.15 196.15
117.69 196.15 196.15
117.69 196.15 196.15
117.69 196.15 196.15
117.69 196.15 196.15
117.69 196.15 196.15
117.69 196.15 196.15
115.91 208.64 185.45
115.91 208.64 185.45
115.91 208.64 185.45
115.91 208.64 185.45
115.91 208.64 185.45
115.91 208.64 185.45
115.91 208.64 185.45
115.91 208.64 185.45
115.91 208.64 185.45
115.91 208.64 185.45
115.91 208.64 185.45
115.91 208.64 185.45
115.91 208.64 185.45
115.91 208.64 185.45
115.91 208.64 185.45
115.91 208.64 185.45
170.00 170.00 127.50
170.00 170.00 127.50
170.00 170.00 127.50
170.00 170.00 127.50
170.00 170.00 127.50
170.00 170.00 127.50
170.00 170.00 127.50
170.00 170.00 127.50
170.00 170.00 127.50
170.00 170.00 127.50
170.00 170.00 127.50
170.00 170.00 127.50
170.00 170.00 127.50
170.00 170.00 127.50
170.00 170.00 127.50
170.00 170.00 127.50
145.71 145.71 145.71
145.71 145.71 145.71
145.71 145.71 145.71
145.71 145.71 145.71
145.71 145.71 145.71
145.71 145.71 145.71
145.71 145.71 145.71
145.71 145.71 145.71
145.71 145.71 145.71
145.71 145.71 145.71
145.71 145.71 145.71
145.71 145.71 145.71
145.71 145.71 145.71
145.71 145.71 145.71
145.71 145.71 145.71
145.71 145.71 145.71
204.00 153.00 102.00
204.00 153.00 102.00
204.00 153.00 102.00
204.00 153.00 102.00
204.00 153.00 102.00
204.00 153.00 102.00
204.00 153.00 102.00
204.00 153.00 102.00
204.00 153.00 102.00
204.00 153.00 102.00
204.00 153.00 102.00
204.00 153.00 102.00
204.00 153.00 102.00
204.00 153.00 102.00
204.00 153.00 102.00
204.00 153.00 102.00
204.00 153.00 102.00
204.00 153.00 102.00
204.00 153.00 102.00
204.00 153.00 102.00
204.00 153.00 102.00
204.00 153.00 102.00
204.00 153.00 102.00
204.00 153.00 102.00
204.00 153.00 102.00
204.00 153.00 102.00
204.00 153.00 102.00
204.00 153.00 102.00
204.00 153.00 102.00
204.00 153.00 102.00
204.00 153.00 102.00
204.00 153.00 102.00
204.00 153.00 102.00
204.00 153.00 102.00
204.00 153.00 102.00
204.00 153.00 102.00
204.00 153.00 102.00
204.00 153.00 102.00
204.00 153.00 102.00
204.00 153.00 102.00
204.00 153.00 102.00
204.00 153.00 102.00
204.00 153.00 102.00
204.00 153.00 102.00
204.00 153.00 102.00
204.00 153.00 102.00
204.00 153.00 102.00
204.00 153.00 102.00
204.00 102.00 102.00
204.00 102.00 102.00
204.00 102.00 102.00
204.00 102.00 102.00
204.00 102.00 102.00
204.00 102.00 102.00
204.00 102.00 102.00
204.00 102.00 102.00
204.00 102.00 102.00
204.00 102.00 102.00
204.00 102.00 102.00
204.00 102.00 102.00
204.00 102.00 102.00
204.00 102.00 102.00
204.00 102.00 102.00
204.00 102.00 102.00
170.00 127.50 85.00
170.00 127.50 85.00
170.00 127.50 85.00
170.00 127.50 85.00
170.00 127.50 85.00
170.00 127.50 85.00
170.00 127.50 85.00
170.00 127.50 85.00
170.00 127.50 85.00
170.00 127.50 85.00
170.00 127.50 85.00
170.00 127.50 85.00
170.00 127.50 85.00
170.00 127.50 85.00
170.00 127.50 85.00
170.00 127.50 85.00
170.00 127.50 85.00
170.00 127.50 85.00
170.00 127.50 85.00
170.00 127.50 85.00
170.00 127.50 85.00
170.00 127.50 85.00
170.00 127.50 85.00
170.00 127.50 85.00
170.00 127.50 85.00
170.00 127.50 85.00
170.00 127.50 85.00
170.00 127.50 85.00
170.00 127.50 85.00
170.00 127.50 85.00
170.00 127.50 85.00
170.00 127.50 85.00
170.00 127.50 85.00
170.00 127.50 85.00
170.00 127.50 85.00
170.00 127.50 85.00
170.00 127.50 85.00
170.00 127.50 85.00
170.00 127.50 85.00
170.00 127.50 85.00
170.00 127.50 85.00
170.00 127.50 85.00
170.00 127.50 85.00
170.00 127.50 85.00
170.00 127.50 85.00
170.00 127.50 85.00
170.00 127.50 85.00
170.00 127.50 85.00
170.00 127.50 85.00
170.00 127.50 85.00
170.00 127.50 85.00
170.00 127.50 85.00
170.00 127.50 85.00
170.00 127.50 85.00
170.00 127.50 85.00
170.00 127.50 85.00
170.00 127.50 85.00
170.00 127.50 85.00
170.00 127.50 85.00
170.00 127.50 85.00
170.00 127.50 85.00
170.00 127.50 85.00
170.00 127.50 85.00
170.00 127.50 85.00
170.00 127.50 85.00
170.00 127.50 85.00
170.00 127.50 85.00
170.00 127.50 85.00
170.00 127.50 85.00
170.00 127.50 85.00
170.00 127.50 85.00
170.00 127.50 85.00
170.00 127.50 85.00
170.00 127.50 85.00
170.00 127.50 85.00
170.00 127.50 85.00
170.00 127.50 85.00
170.00 127.50 85.00
170.00 127.50 85.00
170.00 127.50 85.00
170.00 127.50 85.00
170.00 127.50 85.00
204.00 102.00 102.00
204.00 102.00 102.00
204.00 102.00 102.00
204.00 102.00 102.00
204.00 102.00 102.00
204.00 102.00 102.00
204.00 102.00 102.00
204.00 102.00 102.00
204.00 102.00 102.00
204.00 102.00 102.00
204.00 102.00 102.00
204.00 102.00 102.00
204.00 102.00 102.00
204.00 102.00 102.00
204.00 102.00 102.00
204.00 102.00 102.00
204.00 102.00 102.00
204.00 102.00 102.00
204.00 102.00 102.00
204.00 102.00 102.00
204.00 102.00 102.00
204.00 102.00 102.00
204.00 102.00 102.00
204.00 102.00 102.00
204.00 102.00 102.00
204.00 102.00 102.00
204.00 102.00 102.00
204.00 102.00 102.00
204.00 102.00 102.00
204.00 102.00 102.00
204.00 102.00 102.00
204.00 102.00 102.00
204.00 102.00 102.00
204.00 102.00 102.00
204.00 102.00 102.00
204.00 102.00 102.00
204.00 102.00 102.00
204.00 102.00 102.00
204.00 102.00 102.00
204.00 102.00 102.00
204.00 102.00 102.00
204.00 102.00 102.00
204.00 102.00 102.00
204.00 102.00 102.00
204.00 102.00 102.00
204.00 102.00 102.00
204.00 102.00 102.00
204.00 102.00 102.00
204.00 102.00 102.00
204.00 102.00 102.00
204.00 102.00 51.00
204.00 102.00 51.00
204.00 102.00 51.00
204.00 102.00 51.00
204.00 102.00 51.00
204.00 102.00 51.00
204.00 102.00 51.00
204.00 102.00 51.00
204.00 102.00 51.00
204.00 102.00 51.00
204.00 102.00 51.00
204.00 102.00 51.00
204.00 102.00 51.00
204.00 102.00 51.00
204.00 102.00 51.00
204.00 102.00 51.00
204.00 102.00 51.00
204.00 102.00 51.00
204.00 102.00 51.00
204.00 102.00 51.00
204.00 102.00 51.00
204.00 102.00 51.00
204.00 102.00 51.00
204.00 102.00 51.00
204.00 102.00 51.00
204.00 102.00 51.00
204.00 102.00 51.00
204.00 102.00 51.00
204.00 102.00 51.00
204.00 102.00 51.00
204.00 102.00 51.00
204.00 102.00 51.00
204.00 102.00 51.00
204.00 153.00 102.00
204.00 153.00 102.00
204.00 153.00 102.00
204.00 153.00 102.00
204.00 153.00 102.00
204.00 153.00 102.00
204.00 153.00 102.00
204.00 153.00 102.00
204.00 153.00 102.00
204.00 153.00 102.00
204.00 153.00 102.00
204.00 153.00 102.00
204.00 153.00 102.00
204.00 153.00 102.00
204.00 153.00 102.00
204.00 153.00 102.00
170.00 127.50 85.00
170.00 127.50 85.00
170.00 127.50 85.00
170.00 127.50 85.00
170.00 127.50 85.00
170.00 127.50 85.00
170.00 127.50 85.00
170.00 127.50 85.00
170.00 127.50 85.00
170.00 127.50 85.00
170.00 127.50 85.00
170.00 127.50 85.00
170.00 127.50 85.00
170.00 127.50 85.00
170.00 127.50 85.00
170.00 127.50 85.00
159.38 191.25 191.25
159.38 191.25 191.25
159.38 191.25 191.25
159.38 191.25 191.25
159.38 191.25 191.25
159.38 191.25 191.25
159.38 191.25 191.25
159.38 191.25 191.25
159.38 191.25 191.25
159.38 191.25 191.25
159.38 191.25 191.25
159.38 191.25 191.25
159.38 191.25 191.25
159.38 191.25 191.25
159.38 191.25 191.25
159.38 191.25 191.25
148.75 212.50 233.75
148.75 212.50 233.75
148.75 212.50 233.75
148.75 212.50 233.75
148.75 212.50 233.75
148.75 212.50 233.75
148.75 212.50 233.75
148.75 212.50 233.75
148.75 212.50 233.75
148.75 212.50 233.75
148.75 212.50 233.75
148.75 212.50 233.75
148.75 212.50 233.75
148.75 212.50 233.75
148.75 212.50 233.75
148.75 212.50 233.75
145.71 200.36 200.36
145.71 200.36 200.36
145.71 200.36 200.36
145.71 200.36 200.36
145.71 200.36 200.36
145.71 200.36 200.36
145.71 200.36 200.36
145.71 200.36 200.36
145.71 200.36 200.36
145.71 200.36 200.36
145.71 200.36 200.36
145.71 200.36 200.36
145.71 200.36 200.36
145.71 200.36 200.36
145.71 200.36 200.36
145.71 200.36 200.36
145.71 200.36 200.36
145.71 200.36 200.36
145.71 200.36 200.36
145.71 200.36 200.36
145.71 200.36 200.36
145.71 200.36 200.36
145.71 200.36 200.36
145.71 200.36 200.36
145.71 200.36 200.36
145.71 200.36 200.36
145.71 200.36 200.36
145.71 200.36 200.36
145.71 200.36 200.36
145.71 200.36 200.36
145.71 200.36 200.36
145.71 200.36 200.36
145.71 200.36 200.36
145.71 200.36 200.36
145.71 200.36 200.36
145.71 200.36 200.36
145.71 200.36 200.36
145.71 200.36 200.36
145.71 200.36 200.36
145.71 200.36 200.36
145.71 200.36 200.36
145.71 200.36 200.36
145.71 200.36 200.36
145.71 200.36 200.36
145.71 200.36 200.36
145.71 200.36 200.36
145.71 200.36 200.36
145.71 200.36 200.36
145.71 200.36 200.36
145.71 200.36 200.36
145.71 200.36 200.36
145.71 200.36 200.36
145.71 200.36 200.36
145.71 200.36 200.36
145.71 200.36 200.36
145.71 200.36 200.36
145.71 200.36 200.36
145.71 200.36 200.36
145.71 200.36 200.36
145.71 200.36 200.36
145.71 200.36 200.36
145.71 200.36 200.36
145.71 200.36 200.36
145.71 200.36 200.36
145.71 200.36 200.36
156.92 196.15 215.77
156.92 196.15 215.77
156.92 196.15 215.77
156.92 196.15 215.77
156.92 196.15 215.77
156.92 196.15 215.77
156.92 196.15 215.77
156.92 196.15 215.77
156.92 196.15 215.77
156.92 196.15 215.77
156.92 196.15 215.77
156.92 196.15 215.77
156.92 196.15 215.77
156.92 196.15 215.77
156.92 196.15 215.77
156.92 196.15 215.77
170.00 226.67 255.00
170.00 226.67 255.00
170.00 226.67 255.00
170.00 226.67 255.00
170.00 226.67 255.00
170.00 226.67 255.00
170.00 226.67 255.00
170.00 226.67 255.00
170.00 226.67 255.00
170.00 226.67 255.00
170.00 226.67 255.00
170.00 226.67 255.00
170.00 226.67 255.00
170.00 226.67 255.00
170.00 226.67 255.00
170.00 226.67 255.00
170.00 226.67 255.00
204.00 102.00 102.00
204.00 102.00 102.00
204.00 102.00 102.00
204.00 102.00 102.00
204.00 102.00 102.00
204.00 102.00 102.00
204.00 102.00 102.00
204.00 102.00 102.00
204.00 102.00 102.00
204.00 102.00 102.00
204.00 102.00 102.00
204.00 102.00 102.00
204.00 102.00 102.00
204.00 102.00 102.00
204.00 102.00 102.00
204.00 102.00 102.00
153.00 102.00 51.00
153.00 102.00 51.00
153.00 102.00 51.00
153.00 102.00 51.00
153.00 102.00 51.00
153.00 102.00 51.00
153.00 102.00 51.00
153.00 102.00 51.00
153.00 102.00 51.00
153.00 102.00 51.00
153.00 102.00 51.00
153.00 102.00 51.00
153.00 102.00 51.00
153.00 102.00 51.00
153.00 102.00 51.00
153.00 102.00 51.00
153.00 102.00 102.00
153.00 102.00 102.00
153.00 102.00 102.00
153.00 102.00 102.00
153.00 102.00 102.00
153.00 102.00 102.00
153.00 102.00 102.00
153.00 102.00 102.00
153.00 102.00 102.00
153.00 102.00 102.00
153.00 102.00 102.00
153.00 102.00 102.00
153.00 102.00 102.00
153.00 102.00 102.00
153.00 102.00 102.00
153.00 102.00 102.00
170.00 127.50 85.00
170.00 127.50 85.00
170.00 127.50 85.00
170.00 127.50 85.00
170.00 127.50 85.00
170.00 127.50 85.00
170.00 127.50 85.00
170.00 127.50 85.00
170.00 127.50 85.00
170.00 127.50 85.00
170.00 127.50 85.00
170.00 127.50 85.00
170.00 127.50 85.00
170.00 127.50 85.00
170.00 127.50 85.00
170.00 127.50 85.00
170.00 127.50 85.00
170.00 127.50 85.00
170.00 127.50 85.00
170.00 127.50 85.00
170.00 127.50 85.00
170.00 127.50 85.00
170.00 127.50 85.00
170.00 127.50 85.00
170.00 127.50 85.00
170.00 127.50 85.00
170.00 127.50 85.00
170.00 127.50 85.00
170.00 127.50 85.00
153.00 102.00 51.00
153.00 102.00 51.00
153.00 102.00 51.00
153.00 102.00 51.00
153.00 102.00 51.00
153.00 102.00 51.00
153.00 102.00 51.00
153.00 102.00 51.00
153.00 102.00 51.00
153.00 102.00 51.00
153.00 102.00 51.00
153.00 102.00 51.00
153.00 102.00 51.00
153.00 102.00 51.00
153.00 102.00 51.00
153.00 102.00 51.00
153.00 102.00 51.00
159.38 191.25 191.25
159.38 191.25 191.25
159.38 191.25 191.25
159.38 191.25 191.25
159.38 191.25 191.25
159.38 191.25 191.25
159.38 191.25 191.25
159.38 191.25 191.25
159.38 191.25 191.25
159.38 191.25 191.25
159.38 191.25 191.25
159.38 191.25 191.25
159.38 191.25 191.25
159.38 191.25 191.25
159.38 191.25 191.25
159.38 191.25 191.25
120.79 187.89 174.47
120.79 187.89 174.47
120.79 187.89 174.47
120.79 187.89 174.47
120.79 187.89 174.47
120.79 187.89 174.47
120.79 187.89 174.47
120.79 187.89 174.47
120.79 187.89 174.47
120.79 187.89 174.47
120.79 187.89 174.47
120.79 187.89 174.47
120.79 187.89 174.47
120.79 187.89 174.47
120.79 187.89 174.47
120.79 187.89 174.47
127.50 191.25 191.25
127.50 191.25 191.25
127.50 191.25 191.25
127.50 191.25 191.25
127.50 191.25 191.25
127.50 191.25 191.25
127.50 191.25 191.25
127.50 191.25 191.25
127.50 191.25 191.25
127.50 191.25 191.25
127.50 191.25 191.25
127.50 191.25 191.25
127.50 191.25 191.25
127.50 191.25 191.25
127.50 191.25 191.25
127.50 191.25 191.25
127.50 191.25 191.25
141.67 198.33 198.33
141.67 198.33 198.33
141.67 198.33 198.33
141.67 198.33 198.33
141.67 198.33 198.33
141.67 198.33 198.33
141.67 198.33 198.33
141.67 198.33 198.33
141.67 198.33 198.33
141.67 198.33 198.33
141.67 198.33 198.33
141.67 198.33 198.33
141.67 198.33 198.33
141.67 198.33 198.33
141.67 198.33 198.33
141.67 198.33 198.33
153.00 102.00 51.00
153.00 102.00 51.00
153.00 102.00 51.00
153.00 102.00 51.00
153.00 102.00 51.00
153.00 102.00 51.00
153.00 102.00 51.00
153.00 102.00 51.00
153.00 102.00 51.00
153.00 102.00 51.00
153.00 102.00 51.00
153.00 102.00 51.00
153.00 102.00 51.00
153.00 102.00 51.00
153.00 102.00 51.00
153.00 102.00 51.00
153.00 102.00 51.00
153.00 102.00 51.00
153.00 102.00 51.00
153.00 102.00 51.00
153.00 102.00 51.00
153.00 102.00 51.00
153.00 102.00 51.00
153.00 102.00 51.00
153.00 102.00 51.00
153.00 102.00 51.00
153.00 102.00 51.00
153.00 102.00 51.00
153.00 102.00 51.00
153.00 102.00 51.00
153.00 102.00 51.00
153.00 102.00 51.00
153.00 102.00 51.00
153.00 102.00 51.00
153.00 102.00 51.00
153.00 102.00 51.00
153.00 102.00 51.00
153.00 102.00 51.00
153.00 102.00 51.00
153.00 102.00 51.00
153.00 102.00 51.00
153.00 102.00 51.00
170.00 127.50 85.00
170.00 127.50 85.00
170.00 127.50 85.00
170.00 127.50 85.00
170.00 127.50 85.00
170.00 127.50 85.00
170.00 127.50 85.00
170.00 127.50 85.00
170.00 127.50 85.00
170.00 127.50 85.00
170.00 127.50 85.00
170.00 127.50 85.00
170.00 127.50 85.00
170.00 127.50 85.00
170.00 127.50 85.00
170.00 127.50 85.00
170.00 127.50 85.00
170.00 127.50 85.00
170.00 127.50 85.00
170.00 127.50 85.00
170.00 127.50 85.00
170.00 127.50 85.00
170.00 127.50 85.00
170.00 127.50 85.00
170.00 127.50 85.00
170.00 127.50 85.00
170.00 127.50 85.00
145.71 109.29 72.86
145.71 109.29 72.86
145.71 109.29 72.86
145.71 109.29 72.86
145.71 109.29 72.86
145.71 109.29 72.86
145.71 109.29 72.86
145.71 109.29 72.86
145.71 109.29 72.86
145.71 109.29 72.86
145.71 109.29 72.86
145.71 109.29 72.86
145.71 109.29 72.86
145.71 109.29 72.86
145.71 109.29 72.86
145.71 109.29 72.86
145.71 109.29 72.86
145.71 109.29 72.86
145.71 109.29 72.86
145.71 109.29 72.86
145.71 109.29 72.86
145.71 109.29 72.86
145.71 109.29 72.86
145.71 109.29 72.86
145.71 109.29 72.86
145.71 109.29 72.86
170.00 127.50 85.00
170.00 127.50 85.00
170.00 127.50 85.00
170.00 127.50 85.00
170.00 127.50 85.00
170.00 127.50 85.00
170.00 127.50 85.00
170.00 127.50 85.00
170.00 127.50 85.00
170.00 127.50 85.00
170.00 127.50 85.00
170.00 127.50 85.00
170.00 127.50 85.00
170.00 127.50 85.00
170.00 127.50 85.00
170.00 127.50 85.00
170.00 127.50 85.00
170.00 127.50 85.00
170.00 127.50 85.00
170.00 127.50 85.00
170.00 127.50 85.00
170.00 127.50 85.00
170.00 127.50 85.00
170.00 127.50 85.00
170.00 127.50 85.00
170.00 127.50 85.00
153.00 102.00 51.00
153.00 102.00 51.00
153.00 102.00 51.00
153.00 102.00 51.00
153.00 102.00 51.00
153.00 102.00 51.00
153.00 102.00 51.00
153.00 102.00 51.00
153.00 102.00 51.00
153.00 102.00 51.00
153.00 102.00 51.00
153.00 102.00 51.00
153.00 102.00 51.00
153.00 102.00 51.00
153.00 102.00 51.00
153.00 102.00 51.00
153.00 102.00 51.00
153.00 102.00 51.00
153.00 102.00 51.00
153.00 102.00 51.00
153.00 102.00 51.00
153.00 102.00 51.00
153.00 102.00 51.00
153.00 102.00 51.00
153.00 102.00 51.00
153.00 102.00 51.00
191.25 127.50 63.75
191.25 127.50 63.75
191.25 127.50 63.75
191.25 127.50 63.75
191.25 127.50 63.75
191.25 127.50 63.75
191.25 127.50 63.75
191.25 127.50 63.75
191.25 127.50 63.75
191.25 127.50 63.75
191.25 127.50 63.75
191.25 127.50 63.75
191.25 127.50 63.75
191.25 127.50 63.75
191.25 127.50 63.75
191.25 127.50 63.75
191.25 127.50 63.75
191.25 127.50 63.75
191.25 127.50 63.75
191.25 127.50 63.75
191.25 127.50 63.75
191.25 127.50 63.75
191.25 127.50 63.75
191.25 127.50 63.75
191.25 127.50 63.75
191.25 127.50 63.75
191.25 127.50 63.75
137.31 215.77 215.77
137.31 215.77 215.77
137.31 215.77 215.77
137.31 215.77 215.77
137.31 215.77 215.77
137.31 215.77 215.77
137.31 215.77 215.77
137.31 215.77 215.77
137.31 215.77 215.77
137.31 215.77 215.77
137.31 215.77 215.77
137.31 215.77 215.77
137.31 215.77 215.77
137.31 215.77 215.77
137.31 215.77 215.77
137.31 215.77 215.77
137.31 215.77 215.77
137.31 215.77 215.77
137.31 215.77 215.77
137.31 215.77 215.77
137.31 215.77 215.77
137.31 215.77 215.77
137.31 215.77 215.77
137.31 215.77 215.77
137.31 215.77 215.77
137.31 215.77 215.77
135.00 195.00 195.00
135.00 195.00 195.00
135.00 195.00 195.00
135.00 195.00 195.00
135.00 195.00 195.00
135.00 195.00 195.00
135.00 195.00 195.00
135.00 195.00 195.00
135.00 195.00 195.00
135.00 195.00 195.00
135.00 195.00 195.00
135.00 195.00 195.00
135.00 195.00 195.00
135.00 195.00 195.00
135.00 195.00 195.00
135.00 195.00 195.00
135.00 195.00 195.00
135.00 195.00 195.00
135.00 195.00 195.00
135.00 195.00 195.00
135.00 195.00 195.00
135.00 195.00 195.00
135.00 195.00 195.00
135.00 195.00 195.00
135.00 195.00 195.00
135.00 195.00 195.00
135.00 195.00 195.00
156.92 235.38 215.77
156.92 235.38 215.77
156.92 235.38 215.77
156.92 235.38 215.77
156.92 235.38 215.77
156.92 235.38 215.77
156.92 235.38 215.77
156.92 235.38 215.77
156.92 235.38 215.77
156.92 235.38 215.77
156.92 235.38 215.77
156.92 235.38 215.77
156.92 235.38 215.77
156.92 235.38 215.77
156.92 235.38 215.77
156.92 235.38 215.77
156.92 235.38 215.77
156.92 235.38 215.77
156.92 235.38 215.77
156.92 235.38 215.77
156.92 235.38 215.77
156.92 235.38 215.77
156.92 235.38 215.77
156.92 235.38 215.77
170.00 170.00 127.50
170.00 170.00 127.50
170.00 170.00 127.50
170.00 170.00 127.50
170.00 170.00 127.50
170.00 170.00 127.50
170.00 170.00 127.50
170.00 170.00 127.50
170.00 170.00 127.50
170.00 170.00 127.50
170.00 170.00 127.50
170.00 170.00 127.50
170.00 170.00 127.50
170.00 170.00 127.50
170.00 170.00 127.50
170.00 170.00 127.50
153.00 102.00 51.00
153.00 102.00 51.00
153.00 102.00 51.00
153.00 102.00 51.00
153.00 102.00 51.00
153.00 102.00 51.00
153.00 102.00 51.00
153.00 102.00 51.00
153.00 102.00 51.00
153.00 102.00 51.00
153.00 102.00 51.00
153.00 102.00 51.00
153.00 102.00 51.00
153.00 102.00 51.00
153.00 102.00 51.00
153.00 102.00 51.00
170.00 127.50 85.00
170.00 127.50 85.00
170.00 127.50 85.00
170.00 127.50 85.00
170.00 127.50 85.00
170.00 127.50 85.00
170.00 127.50 85.00
170.00 127.50 85.00
170.00 127.50 85.00
170.00 127.50 85.00
170.00 127.50 85.00
170.00 127.50 85.00
170.00 127.50 85.00
170.00 127.50 85.00
170.00 127.50 85.00
170.00 127.50 85.00
182.14 145.71 72.86
182.14 145.71 72.86
182.14 145.71 72.86
182.14 145.71 72.86
182.14 145.71 72.86
182.14 145.71 72.86
182.14 145.71 72.86
182.14 145.71 72.86
182.14 145.71 72.86
182.14 145.71 72.86
182.14 145.71 72.86
182.14 145.71 72.86
182.14 145.71 72.86
182.14 145.71 72.86
182.14 145.71 72.86
182.14 145.71 72.86
182.14 145.71 72.86
145.71 109.29 72.86
145.71 109.29 72.86
145.71 109.29 72.86
145.71 109.29 72.86
145.71 109.29 72.86
145.71 109.29 72.86
145.71 109.29 72.86
145.71 109.29 72.86
145.71 109.29 72.86
145.71 109.29 72.86
145.71 109.29 72.86
145.71 109.29 72.86
145.71 109.29 72.86
145.71 109.29 72.86
145.71 109.29 72.86
145.71 109.29 72.86
204.00 102.00 51.00
204.00 102.00 51.00
204.00 102.00 51.00
204.00 102.00 51.00
204.00 102.00 51.00
204.00 102.00 51.00
204.00 102.00 51.00
204.00 102.00 51.00
204.00 102.00 51.00
204.00 102.00 51.00
204.00 102.00 51.00
204.00 102.00 51.00
204.00 102.00 51.00
204.00 102.00 51.00
204.00 102.00 51.00
204.00 102.00 51.00
162.27 208.64 208.64
162.27 208.64 208.64
162.27 208.64 208.64
162.27 208.64 208.64
162.27 208.64 208.64
162.27 208.64 208.64
162.27 208.64 208.64
162.27 208.64 208.64
162.27 208.64 208.64
162.27 208.64 208.64
162.27 208.64 208.64
162.27 208.64 208.64
162.27 208.64 208.64
162.27 208.64 208.64
162.27 208.64 208.64
162.27 208.64 208.64
176.54 176.54 215.77
176.54 176.54 215.77
176.54 176.54 215.77
176.54 176.54 215.77
176.54 176.54 215.77
176.54 176.54 215.77
176.54 176.54 215.77
176.54 176.54 215.77
176.54 176.54 215.77
176.54 176.54 215.77
176.54 176.54 215.77
176.54 176.54 215.77
176.54 176.54 215.77
176.54 176.54 215.77
176.54 176.54 215.77
176.54 176.54 215.77
178.50 153.00 204.00
178.50 153.00 204.00
178.50 153.00 204.00
178.50 153.00 204.00
178.50 153.00 204.00
178.50 153.00 204.00
178.50 153.00 204.00
178.50 153.00 204.00
178.50 153.00 204.00
178.50 153.00 204.00
178.50 153.00 204.00
178.50 153.00 204.00
178.50 153.00 204.00
178.50 153.00 204.00
178.50 153.00 204.00
178.50 153.00 204.00
178.50 153.00 204.00
182.14 145.71 182.14
182.14 145.71 182.14
182.14 145.71 182.14
182.14 145.71 182.14
182.14 145.71 182.14
182.14 145.71 182.14
182.14 145.71 182.14
182.14 145.71 182.14
182.14 145.71 182.14
182.14 145.71 182.14
182.14 145.71 182.14
182.14 145.71 182.14
182.14 145.71 182.14
182.14 145.71 182.14
182.14 145.71 182.14
182.14 145.71 182.14
170.00 127.50 85.00
170.00 127.50 85.00
170.00 127.50 85.00
170.00 127.50 85.00
170.00 127.50 85.00
170.00 127.50 85.00
170.00 127.50 85.00
170.00 127.50 85.00
170.00 127.50 85.00
170.00 127.50 85.00
170.00 127.50 85.00
170.00 127.50 85.00
170.00 127.50 85.00
170.00 127.50 85.00
170.00 127.50 85.00
170.00 127.50 85.00
170.00 127.50 85.00
170.00 127.50 85.00
170.00 127.50 85.00
170.00 127.50 85.00
170.00 127.50 85.00
170.00 127.50 85.00
170.00 127.50 85.00
170.00 127.50 85.00
170.00 127.50 85.00
170.00 127.50 85.00
170.00 127.50 85.00
170.00 127.50 85.00
170.00 127.50 85.00
170.00 127.50 85.00
170.00 127.50 85.00
170.00 127.50 85.00
182.14 145.71 72.86
182.14 145.71 72.86
182.14 145.71 72.86
182.14 145.71 72.86
182.14 145.71 72.86
182.14 145.71 72.86
182.14 145.71 72.86
182.14 145.71 72.86
182.14 145.71 72.86
182.14 145.71 72.86
182.14 145.71 72.86
182.14 145.71 72.86
182.14 145.71 72.86
182.14 145.71 72.86
182.14 145.71 72.86
182.14 145.71 72.86
182.14 145.71 72.86
170.00 127.50 85.00
170.00 127.50 85.00
170.00 127.50 85.00
170.00 127.50 85.00
170.00 127.50 85.00
170.00 127.50 85.00
170.00 127.50 85.00
170.00 127.50 85.00
170.00 127.50 85.00
170.00 127.50 85.00
170.00 127.50 85.00
170.00 127.50 85.00
170.00 127.50 85.00
170.00 127.50 85.00
170.00 127.50 85.00
170.00 127.50 85.00
191.25 159.38 191.25
191.25 159.38 191.25
191.25 159.38 191.25
191.25 159.38 191.25
191.25 159.38 191.25
191.25 159.38 191.25
191.25 159.38 191.25
191.25 159.38 191.25
191.25 159.38 191.25
191.25 159.38 191.25
191.25 159.38 191.25
191.25 159.38 191.25
191.25 159.38 191.25
191.25 159.38 191.25
191.25 159.38 191.25
191.25 159.38 191.25
191.25 159.38 191.25
176.54 137.31 156.92
176.54 137.31 156.92
176.54 137.31 156.92
176.54 137.31 156.92
176.54 137.31 156.92
176.54 137.31 156.92
176.54 137.31 156.92
176.54 137.31 156.92
176.54 137.31 156.92
176.54 137.31 156.92
176.54 137.31 156.92
176.54 137.31 156.92
176.54 137.31 156.92
176.54 137.31 156.92
176.54 137.31 156.92
176.54 137.31 156.92
170.00 141.67 170.00
170.00 141.67 170.00
170.00 141.67 170.00
170.00 141.67 170.00
170.00 141.67 170.00
170.00 141.67 170.00
170.00 141.67 170.00
170.00 141.67 170.00
170.00 141.67 170.00
170.00 141.67 170.00
170.00 141.67 170.00
170.00 141.67 170.00
170.00 141.67 170.00
170.00 141.67 170.00
170.00 141.67 170.00
170.00 141.67 170.00
170.00 141.67 170.00
212.50 127.50 127.50
212.50 127.50 127.50
212.50 127.50 127.50
212.50 127.50 127.50
212.50 127.50 127.50
212.50 127.50 127.50
212.50 127.50 127.50
212.50 127.50 127.50
212.50 127.50 127.50
212.50 127.50 127.50
212.50 127.50 127.50
212.50 127.50 127.50
212.50 127.50 127.50
212.50 127.50 127.50
212.50 127.50 127.50
212.50 127.50 127.50
204.00 153.00 102.00
204.00 153.00 102.00
204.00 153.00 102.00
204.00 153.00 102.00
204.00 153.00 102.00
204.00 153.00 102.00
204.00 153.00 102.00
204.00 153.00 102.00
204.00 153.00 102.00
204.00 153.00 102.00
204.00 153.00 102.00
204.00 153.00 102.00
204.00 153.00 102.00
204.00 153.00 102.00
204.00 153.00 102.00
204.00 153.00 102.00
170.00 127.50 85.00
182.14 109.29 72.86
182.14 109.29 72.86
182.14 109.29 72.86
182.14 109.29 72.86
182.14 109.29 72.86
182.14 109.29 72.86
182.14 109.29 72.86
182.14 109.29 72.86
182.14 109.29 72.86
182.14 109.29 72.86
182.14 109.29 72.86
182.14 109.29 72.86
182.14 109.29 72.86
182.14 109.29 72.86
182.14 109.29 72.86
182.14 109.29 72.86
170.00 127.50 85.00
170.00 127.50 85.00
170.00 127.50 85.00
170.00 127.50 85.00
170.00 127.50 85.00
170.00 127.50 85.00
170.00 127.50 85.00
170.00 127.50 85.00
170.00 127.50 85.00
170.00 127.50 85.00
170.00 127.50 85.00
170.00 127.50 85.00
170.00 127.50 85.00
170.00 127.50 85.00
170.00 127.50 85.00
170.00 127.50 85.00
170.00 141.67 170.00
170.00 141.67 170.00
170.00 141.67 170.00
170.00 141.67 170.00
170.00 141.67 170.00
170.00 141.67 170.00
170.00 141.67 170.00
170.00 141.67 170.00
170.00 141.67 170.00
170.00 141.67 170.00
170.00 141.67 170.00
170.00 141.67 170.00
170.00 141.67 170.00
170.00 141.67 170.00
170.00 141.67 170.00
170.00 141.67 170.00
170.00 127.50 170.00
170.00 127.50 170.00
170.00 127.50 170.00
170.00 127.50 170.00
170.00 127.50 170.00
170.00 127.50 170.00
170.00 127.50 170.00
170.00 127.50 170.00
170.00 127.50 170.00
170.00 127.50 170.00
170.00 127.50 170.00
170.00 127.50 170.00
170.00 127.50 170.00
170.00 127.50 170.00
170.00 127.50 170.00
170.00 127.50 170.00
163.93 127.50 145.71
163.93 127.50 145.71
163.93 127.50 145.71
163.93 127.50 145.71
163.93 127.50 145.71
163.93 127.50 145.71
163.93 127.50 145.71
163.93 127.50 145.71
163.93 127.50 145.71
163.93 127.50 145.71
163.93 127.50 145.71
163.93 127.50 145.71
163.93 127.50 145.71
163.93 127.50 145.71
163.93 127.50 145.71
163.93 127.50 145.71
162.27 139.09 162.27
162.27 139.09 162.27
162.27 139.09 162.27
162.27 139.09 162.27
162.27 139.09 162.27
162.27 139.09 162.27
162.27 139.09 162.27
162.27 139.09 162.27
162.27 139.09 162.27
162.27 139.09 162.27
162.27 139.09 162.27
162.27 139.09 162.27
162.27 139.09 162.27
162.27 139.09 162.27
162.27 139.09 162.27
162.27 139.09 162.27
170.00 127.50 127.50
170.00 127.50 127.50
170.00 127.50 127.50
170.00 127.50 127.50
170.00 127.50 127.50
170.00 127.50 127.50
170.00 127.50 127.50
170.00 127.50 127.50
170.00 127.50 127.50
170.00 127.50 127.50
170.00 127.50 127.50
170.00 127.50 127.50
170.00 127.50 127.50
170.00 127.50 127.50
170.00 127.50 127.50
170.00 127.50 127.50
182.14 109.29 72.86
182.14 109.29 72.86
182.14 109.29 72.86
182.14 109.29 72.86
182.14 109.29 72.86
182.14 109.29 72.86
182.14 109.29 72.86
182.14 109.29 72.86
182.14 109.29 72.86
182.14 109.29 72.86
182.14 109.29 72.86
182.14 109.29 72.86
182.14 109.29 72.86
182.14 109.29 72.86
182.14 109.29 72.86
182.14 109.29 72.86
182.14 109.29 72.86
